=GLA01
version=v6_0
type=LONG
i_rec_ndx       =    241455462
i_UTCTime       =    118796746      274202
i_gla01_rectype =        2
i_Spare1        =        0
i_filtnum       =    2   2   2   2   2   2   2   2
i_shot_ctr      =       41      42      43      44      45      46      47
      48
i_statflags     =     66326527    66326527    66326527    66326527    66326527
    66326527    66326527    66326527
i_gainSet1064   =      250     250     250     250     250     250     250
     250
i_4nsPeakVal    =       32      32      32      32      32      32      32
      32
i_8nsPeakVal    =       30      30      30      30      30      30      30
      30
i_4nsBgMean     =     2932    2930    2925    2926    2950    2921    2946
    2936
i_4nsBgSDev     =      170     169     166     171     170     169     174
     169
i_samp_pad      =        0       0       0       0       0       0       0
       0
i_comp_type     =    0   0   0   0   0   0   0   0
i_rng_wf        =   27  28  29  29  30  29  28  27  27  28  28  28  29  29  29
  29  29  29  29  32  33  32  32  31  31  29  27  24  25  27  30  28  28  28  27
  27  28  30  30  27  28  28  27  27  27  31  33  32  30  27  24  24  28  31  31
  29  28  29  29  28  31  28  24  22  27  32  34  33  28  27  28  30  30  30  29
  27  31  32  30  25  23  27  28  27  28  28  28  26  28  31  31  29  29  31  33
  32  28  25  25  27  30  32  31  28  27  28  28  27  27  28  29  28  28  31  30
  29  29  30  30  28  27  28  28  28  28  28  27  27  27  28  28  28  28  28  30
  31  32  32  32  32  29  28  28  28  29  29  29  28  28  28  28  28  28  29  28
  27  29  32  32  27  27  28  29  29  29  31  31  30  30  29  29  26  28  31  32
  31  28  28  28  28  28  28  28  25  25  28  29  27  27  28  25  25  28  31  32
  29  27  27  27  29  30  31  28  24  28  28  28  27  27  28  29  30  30  28  27
  25  25  27  29  27  29  30  28  28  28  30  30  29  28  28  29  28  28  28  25
  25  28  32  33  29  29  28  28  28  29  30  29  29  30  32  31  27  27  27  28
  29  31  31  29  28  28  30  31  31  30  28  29  28  27  25  25  27  28  29  28
  25  26  29  31  28  28  28  29  29  29  31  31  29  29  29  28  27  29  30  28
  28  27  27  29  28  28  28  27  27  28  30  30  28  28  28  28  28  31  31  30
  28  28  28  28  29  30  32  29  28  28  27  28  27  25  27  28  31  32  29  28
  27  27  28  28  28  29  29  28  28  29  32  32  28  28  27  27  27  31  31  28
  28  28  28  29  28  28  27  27  27  28  29  29  28  28  28  28  28  28  28  31
  31  32  32  28  28  29  31  32  29  27  27  27  27  28  29  29  27  26  29  31
  30  29  28  28  27  28  31  31  31  31  31  30  29  29  29  29  25  28  29  29
  29  29  31  31  30  29  27  27  28  32  32  28  24  23  26  28  28  28  27  27
  27  30  31  29  29  29  29  30  28  28  27  27  27  30  32  30  27  27  29  29
  27  28  29  30  29  31  31  30  29  28  30  29  28  28  28  28  26  27  29  29
  29  29  29  29  29  30  31  29  27  28  28  27  27  27  28  31  31  32  29  27
  25  26  29  29  29  30  30  29  27  28  30  32  30  30  30  30  30  30  30  28
  27  28  28  28  28  28  28  28  28  28  28  29  29  29  29  29  29  29  29  31
  31  30  30  28  28  29  31  31  27
  25  28  30  31  32  31  28  28  30  31  29  29  29  29  31  30  28  28  29  31
  32  30  29  28  28  29  29  29  29  29  30  28  27  25  27  28  29  29  28  27
  27  29  29  28  28  29  29  26  28  29  29  29  29  31  31  30  31  29  29  27
  27  30  30  30  31  31  29  27  27  31  33  31  28  28  28  28  29  31  28  26
  27  29  30  30  32  31  27  27  27  28  29  29  29  29  27  24  28  29  29  29
  27  27  28  29  29  29  28  27  28  29  29  27  27  27  28  29  29  29  28  27
  30  30  29  28  27  28  31  30  29  27  27  27  30  32  29  28  28  30  30  28
  28  26  26  26  30  31  29  28  28  28  28  28  28  28  31  31  31  32  29  27
  29  32  32  27  27  28  28  29  29  28  28  29  31  31  28  27  28  28  31  30
  30  29  27  28  29  29  29  29  29  28  28  25  25  29  30  31  32  32  29  27
  27  28  32  31  31  29  27  26  28  31  31  30  28  28  28  27  30  30  27  27
  26  28  29  27  28  27  27  27  28  31  30  28  28  28  27  27  27  28  29  28
  28  28  28  28  31  31  30  30  30  30  29  25  25  27  28  27  27  28  28  27
  28  30  29  28  29  30  30  28  28  28  27  26  28  28  29  29  30  30  30  31
  31  29  29  29  29  29  29  27  28  29  29  28  28  29  28  26  28  30  31  28
  28  31  31  29  28  28  29  29  29  30  28  28  32  34  33  28  27  28  29  29
  31  31  29  29  31  31  29  28  28  28  28  28  29  29  29  28  31  31  31  28
  28  29  29  28  30  31  31  29  31  31  29  27  28  31  32  31  31  31  29  27
  29  29  29  29  28  28  28  29  30  27  25  25  27  29  29  28  28  29  30  28
  28  27  29  27  29  30  28  28  28  30  28  26  28  30  31  30  30  31  32  30
  30  28  28  29  32  32  32  29  29  29  28  28  28  28  29  28  28  27  27  28
  30  31  29  28  28  28  29  30  32  32  32  29  29  30  31  31  28  26  25  27
  30  31  31  28  28  29  31  30  30  30  30  31  29  28  28  28  29  29  28  28
  27  28  29  28  29  29  29  28  28  30  30  28  30  31  29  27  28  30  30  29
  31  31  29  28  28  28  28  28  31  31  29  28  28  29  29  29  29  29  27  25
  27  28  29  28  30  30  29  28  28  29  29  29  30  28  28  29  31  32  32  31
  29  27  25  24  28  32  32  28  28  29  29  29  29  29  29  29  29  28  28  28
  28  28  28  28
  29  28  28  27  28  29  30  28  28  28  28  28  28  27  28  25  27  27  27  27
  27  28  28  28  28  28  28  27  28  30  30  28  28  28  28  29  31  31  30  28
  29  29  29  29  29  29  29  27  29  29  30  30  29  29  29  27  25  25  25  27
  29  31  31  28  28  29  28  28  28  30  30  29  31  31  30  28  28  30  31  29
  28  28  28  27  27  27  27  27  27  28  28  28  29  30  31  29  29  28  27  27
  30  32  32  32  30  28  28  28  28  27  27  27  29  29  32  32  30  28  27  28
  29  29  29  28  30  29  30  28  27  27  29  31  30  29  28  27  29  29  28  27
  27  27  30  30  28  28  28  28  30  33  31  27  27  28  30  29  29  28  28  29
  32  32  31  29  30  32  32  31  29  28  29  29  31  32  29  23  24  29  31  28
  27  28  29  29  31  31  27  26  28  31  31  29  29  28  28  28  28  28  28  30
  30  29  29  30  32  32  32  28  27  29  31  31  29  29  27  26  28  29  29  29
  29  30  30  30  32  31  29  28  28  28  29  28  31  32  30  28  28  29  30  27
  28  28  27  25  28  30  30  29  28  28  28  29  31  32  32  30  32  32  29  27
  27  29  29  29  29  28  28  27  30  32  29  27  25  28  31  28  28  28  27  27
  29  31  31  29  28  28  28  24  25  28  32  32  33  31  27  26  27  29  31  28
  28  27  27  26  29  31  29  28  28  30  30  28  28  28  29  29  29  29  30  30
  31  32  30  28  28  28  28  27  27  28  28  27  26  27  27  27  28  28  28  27
  27  27  27  27  27  27  27  28  29  29  28  24  25  28  29  29  30  30  29  29
  31  32  32  29  29  29  29  29  30  31  31  30  30  29  27  24  27  29  29  29
  30  31  30  28  28  27  26  26  27  29  29  28  28  28  26  25  25  27  29  25
  27  29  31  32  32  31  31  29  30  31  31  31  32  32  30  26  25  25  28  30
  31  32  31  28  29  32  31  27  27  29  30  29  31  31  29  27  28  30  29  29
  30  30  29  29  30  31  32  31  31  28  27  27  28  29  29  28  29  29  29  29
  28  28  30  29  29  29  31  31  31  30  30  29  29  30  31  28  28  29  31  29
  29  30  30  29  29  31  30  28  28  28  30  32  32  31  30  30  34  34  33  30
  28  28  30  31  31  28  28  28  29  29  29  28  28  28  28  28  29  32  32  28
  29  31  30  27  27  28  28  25  27  28  29  29  31  31  28  26  27  29  32  32
  32  30  29  28
  29  30  29  28  30  30  29  27  27  27  30  30  31  32  28  28  29  31  32  32
  27  25  27  28  29  29  27  27  27  27  30  30  30  29  28  28  28  29  30  31
  29  28  28  28  30  30  30  28  29  29  29  29  29  29  29  28  28  29  28  28
  28  30  32  29  27  27  27  28  31  30  29  26  27  30  30  30  29  30  31  29
  28  27  28  29  29  29  29  28  29  29  28  25  25  28  31  29  29  29  28  28
  30  30  32  32  32  30  27  27  29  29  29  28  28  32  32  30  31  29  29  27
  27  29  29  29  31  31  31  28  27  27  28  29  31  29  28  27  27  29  28  28
  28  29  29  27  28  28  28  28  28  29  31  29  28  27  27  27  29  29  30  29
  28  28  28  28  29  29  30  28  28  30  28  27  28  30  32  29  27  25  25  27
  30  30  28  27  28  30  28  28  28  28  29  29  28  27  27  28  29  29  28  27
  28  29  29  28  25  26  30  30  29  28  28  28  29  31  31  27  28  29  31  32
  32  30  28  28  30  30  28  27  28  29  29  28  28  28  29  28  28  27  27  27
  27  29  31  30  30  29  27  25  29  31  32  28  26  28  31  31  29  28  26  26
  28  28  28  27  27  29  31  31  30  30  29  29  31  31  31  28  27  27  27  27
  27  29  29  29  29  29  29  28  28  31  31  30  30  30  30  28  29  31  31  29
  28  29  32  32  32  29  28  28  30  30  32  30  29  29  29  30  32  32  28  25
  28  30  31  30  28  28  29  30  30  29  27  27  29  29  29  28  29  29  29  29
  28  27  27  27  31  30  28  27  27  28  29  31  31  29  28  28  29  29  32  31
  31  30  28  28  28  29  29  29  29  28  29  28  26  26  28  30  32  31  28  27
  27  29  32  28  28  30  31  31  31  31  31  29  29  29  27  25  27  28  28  27
  27  27  25  25  29  29  29  27  28  29  29  29  29  29  29  29  29  25  25  25
  29  32  33  31  30  30  28  28  28  28  30  28  29  29  27  27  29  31  31  28
  28  27  27  27  28  29  30  29  29  29  29  28  28  28  30  29  29  29  29  28
  28  30  28  27  29  31  31  29  28  28  28  29  29  29  28  28  31  32  33  28
  28  29  29  27  28  28  29  29  31  31  28  26  28  32  32  27  26  28  28  28
  31  30  30  27  28  28  28  29  31  32  31  27  28  29  29  27  27  28  28  27
  26  28  27  27  31  32  32  27  27  28  32  32  32  28  27  27  29  29  29  29
  29  29  29  27
  30  33  32  29  28  28  28  28  31  31  28  28  29  32  33  31  31  30  26  25
  28  31  31  27  26  27  27  28  31  31  28  27  28  32  34  33  29  29  27  27
  30  30  30  28  28  31  32  31  28  28  27  26  28  28  28  26  27  29  32  32
  29  28  28  28  32  32  28  27  27  28  29  29  29  29  27  27  28  29  32  28
  27  27  26  27  28  30  31  28  27  27  27  27  29  29  29  29  29  29  29  31
  31  30  28  27  28  29  29  28  28  28  28  28  29  29  29  29  29  32  32  29
  29  29  27  27  28  28  30  28  28  28  27  27  27  29  28  27  27  27  29  28
  28  28  28  28  30  30  29  29  29  28  28  28  28  29  29  28  28  28  31  30
  28  28  29  29  29  29  28  27  27  29  31  29  29  29  28  25  28  31  31  29
  27  28  28  27  27  27  27  26  27  29  29  30  31  30  28  27  27  28  29  28
  29  29  27  27  28  29  30  28  28  25  25  27  28  28  31  31  31  32  30  28
  30  30  30  28  27  28  28  28  28  28  27  24  26  27  27  27  28  28  28  27
  25  27  27  27  28  28  28  27  28  32  32  31  29  28  28  27  27  28  28  29
  29  29  29  28  27  27  27  27  30  32  32  25  25  27  27  27  27  29  30  29
  29  28  28  27  28  28  28  28  28  28  28  28  28  28  28  25  28  32  31  28
  28  29  30  29  28  27  27  27  31  32  31  27  25  28  32  32  32  29  26  25
  29  31  29  28  25  28  32  30  30  30  28  27  30  31  30  27  27  27  29  30
  29  28  28  27  29  29  27  26  25  28  31  31  31  29  28  28  29  31  29  28
  29  29  29  28  28  28  29  30  33  33  30  27  28  32  34  31  31  31  29  29
  31  30  30  29  27  27  27  27  29  29  29  28  28  30  30  30  30  29  29  29
  31  32  29  28  28  28  29  28  27  27  28  28  30  31  31  28  28  29  29  29
  28  29  28  27  28  29  30  29  29  28  28  28  28  28  27  27  28  28  30  30
  31  32  32  29  29  29  30  28  27  28  31  30  30  30  30  28  27  30  30  27
  28  28  28  26  27  31  31  27  25  27  29  29  32  31  29  27  29  31  28  28
  28  28  29  30  28  27  27  28  32  33  33  28  27  28  29  29  29  29  30  29
  27  27  28  28  29  31  31  28  29  30  30  28  28  29  29  29  28  28  28  27
  29  31  31  28  28  28  30  30  28  28  28  28  29  30  32  29  28  28  28  28
  29  29  28  27
  30  30  28  28  29  30  31  29  28  27  27  27  28  29  28  27  27  27  29  28
  29  31  31  31  29  28  30  29  29  29  29  28  28  30  30  27  27  29  30  28
  27  25  25  25  29  30  29  28  27  28  29  29  29  26  25  26  28  28  28  28
  29  29  29  28  28  29  32  30  31  31  28  26  26  27  30  28  27  27  27  28
  29  30  30  26  26  28  30  31  32  31  31  29  29  29  29  29  29  29  29  28
  29  29  29  27  28  29  31  32  32  31  29  27  25  27  31  31  28  25  25  28
  29  29  28  28  31  32  32  32  30  28  28  29  32  33  30  25  25  26  29  29
  27  27  27  29  32  32  30  27  26  29  31  30  30  28  27  27  27  28  28  28
  29  29  31  28  28  28  27  29  31  30  29  25  24  26  28  28  29  30  31  29
  28  28  28  28  29  29  31  29  29  29  28  28  29  30  30  30  31  28  28  28
  31  32  32  31  29  29  29  29  29  30  30  28  28  29  29  29  30  30  30  28
  28  28  29  29  29  28  28  28  28  29  28  28  28  27  28  27  28  29  28  28
  30  32  33  29  27  27  27  27  29  30  30  28  28  31  31  31  32  31  29  27
  28  28  27  27  28  28  27  26  28  29  29  28  28  28  28  28  28  29  29  28
  28  28  28  27  28  32  33  32  29  29  28  26  28  28  28  26  27  28  28  27
  27  30  31  28  28  28  28  25  28  30  29  27  27  29  33  34  33  31  28  28
  32  32  32  29  26  27  30  31  32  29  27  27  29  30  29  28  27  27  28  28
  28  27  27  28  31  32  32  28  27  27  28  28  29  31  29  27  28  29  28  26
  25  25  28  30  31  31  29  28  29  32  32  28  27  28  28  27  28  30  31  30
  31  31  29  29  28  31  32  29  29  29  30  28  28  31  28  25  28  30  29  26
  27  31  32  29  30  31  30  29  30  31  31  29  28  28  29  29  29  29  29  28
  27  29  28  25  28  29  28  27  27  30  32  29  28  28  27  27  29  31  31  29
  31  32  33  33  32  30  28  28  28  29  31  29  29  30  31  31  29  28  28  29
  32  33  32  27  27  29  31  30  30  31  28  26  28  29  30  29  29  31  32  32
  32  32  31  27  28  29  29  29  31  31  30  28  29  32  32  32  32  28  28  28
  28  27  27  28  29  29  27  25  25  27  29  28  27  27  27  25  25  29  30  29
  31  30  28  26  26  28  29  29  29  28  25  25  27  29  29  28  28  27  26  27
  27  28  29  31
  28  29  31  29  28  28  28  29  29  27  25  24  26  28  29  28  28  28  28  28
  29  29  29  27  27  25  29  30  30  30  28  28  29  29  28  27  27  27  29  28
  28  28  27  27  27  29  30  29  29  29  28  27  28  30  30  29  29  30  31  31
  31  28  25  26  30  32  32  29  25  26  31  32  32  29  29  28  29  31  30  28
  27  25  24  23  27  29  30  30  31  31  30  29  31  32  29  28  28  28  29  28
  31  32  29  27  28  31  32  29  28  27  27  27  29  28  28  28  28  28  28  28
  29  29  29  29  29  29  28  28  28  29  29  28  30  32  32  29  29  31  31  29
  29  30  30  29  28  28  29  29  29  29  29  28  28  28  25  24  26  28  28  26
  27  28  28  28  28  28  29  28  29  29  29  29  29  30  30  29  29  29  29  28
  28  28  28  28  32  32  31  28  28  28  28  28  30  28  29  29  28  27  29  31
  32  33  29  28  28  29  29  27  27  27  28  30  30  30  29  27  29  29  29  28
  28  28  25  26  28  29  29  28  27  27  27  27  29  29  29  29  28  29  30  29
  29  29  29  28  28  30  31  29  29  29  28  25  24  24  25  26  28  29  31  31
  29  28  28  27  28  29  29  29  29  30  32  29  27  27  27  28  29  30  31  27
  27  27  27  27  28  31  30  28  29  28  25  23  25  27  29  28  28  28  27  28
  31  31  29  27  29  29  29  28  28  29  29  28  30  30  29  27  28  32  32  29
  28  28  29  29  30  30  30  29  32  32  30  27  26  28  29  29  29  29  30  30
  30  30  29  29  29  29  29  28  27  27  27  27  29  31  29  27  28  30  30  27
  28  28  29  29  29  30  28  29  29  29  28  27  28  30  32  31  32  32  29  29
  29  30  30  29  29  29  28  28  29  29  29  29  31  32  31  31  32  32  29  29
  31  31  29  28  28  29  29  28  28  28  28  28  28  30  30  30  32  32  31  28
  28  32  33  29  28  27  26  26  28  31  30  29  29  28  29  29  28  27  27  27
  29  29  28  27  28  29  32  31  29  28  28  28  29  30  28  27  28  28  30  30
  28  27  27  28  30  30  28  28  29  30  32  28  26  26  27  29  32  33  28  25
  28  31  32  32  28  25  27  30  33  32  27  24  25  27  30  30  30  28  27  28
  30  30  29  28  28  28  29  28  28  29  28  28  29  30  30  28  27  28  29  29
  32  29  25  25  27  32  32  28  27  26  26  27  30  31  31  27  25  24  25  28
  29  29  29  29
  30  32  31  27  31  31  28  27  27  30  32  30  30  28  27  27  28  30  30  29
  29  29  29  29  31  30  29  28  28  28  29  31  31  29  24  22  28  34  35  32
  29  28  27  29  31  31  27  27  29  33  34  28  28  28  27  27  27  28  28  28
  28  27  27  27  28  28  28  28  30  30  30  30  30  30  30  29  30  31  31  31
  28  29  31  29  29  29  31  32  32  31  28  28  28  29  28  28  29  30  32  29
  28  27  27  29  30  30  29  28  27  25  28  28  29  32  30  29  29  29  30  28
  27  27  27  27  30  31  30  28  27  28  29  29  29  28  32  32  28  28  28  31
  34  34  31  28  29  31  32  29  29  29  29  29  32  32  27  26  27  27  29  27
  26  25  27  28  28  28  28  28  29  29  28  27  27  29  32  31  29  30  31  30
  32  32  30  29  29  30  30  28  28  28  27  27  28  29  30  29  31  31  30  28
  28  31  29  28  29  29  29  26  27  30  31  30  30  31  30  29  31  31  29  27
  27  28  29  29  28  28  29  28  29  29  28  25  27  29  30  29  27  27  28  29
  30  30  29  29  32  32  30  28  27  28  28  28  29  27  27  27  28  28  28  28
  28  28  28  28  28  29  29  28  28  29  29  29  29  30  30  29  29  30  29  25
  25  28  32  32  32  31  31  31  30  28  28  27  29  29  28  27  27  29  30  30
  31  29  27  25  28  29  28  25  24  25  27  28  31  30  27  25  27  28  30  30
  28  27  29  31  31  30  30  28  32  33  31  28  28  31  31  30  32  32  32  29
  30  31  30  29  30  31  30  27  27  26  26  26  30  32  31  28  28  28  28  27
  29  30  27  26  28  28  30  29  28  27  27  28  30  30  30  28  25  25  27  30
  31  30  28  28  29  29  29  28  28  28  28  27  27  29  29  29  29  29  31  32
  31  30  29  28  29  29  28  28  30  31  28  27  29  29  29  29  28  28  27  25
  29  29  29  29  29  29  29  30  31  29  28  28  28  28  29  29  32  33  31  28
  28  29  29  28  27  27  28  28  28  28  28  28  28  28  28  28  28  29  28  26
  27  27  28  27  27  28  28  28  29  29  30  29  29  29  27  28  28  29  31  29
  28  26  27  27  28  29  28  27  28  29  29  27  28  31  32  30  29  30  31  28
  28  28  27  27  30  31  29  26  27  28  30  30  31  31  29  28  28  28  30  29
  29  29  29  31  32  32  32  29  29  29  29  28  29  31  32  32  28  28  28  28
  30  30  31  28
i_gainStatus    =    1   1   1   1   1   1   1   1
i_NumCoinc      =    0   0   0   0   0   0   0   0
i_rawPkHt       =   34  34  34  33  34  34  34  34
i_spare2        =    0   0   0   0   0   0   0   0   0   0   0   0   0   0   0
   0   0   0   0   0   0   0   0   0   0   0   0   0   0   0   0   0   0   0   0
   0   0   0   0   0   0   0   0   0   0   0   0   0   0   0   0   0   0   0   0
   0   0   0   0   0   0   0   0   0   0   0   0   0   0   0   0   0   0   0   0
   0   0   0   0   0   0   0   0   0   0   0   0   0   0   0   0   0   0   0   0
   0   0   0   0   0   0   0   0   0   0   0   0   0