=GLA01
version=v6_0
type=LONG
i_rec_ndx       =    241455462
i_UTCTime       =    118796746      274202
i_gla01_rectype =        2
i_Spare1        =        0
i_filtnum       =    2   2   2   2   2   2   2   2
i_shot_ctr      =       57      58      59      60      61      62      63
      64
i_statflags     =     66326527    66326527    66326527    66326527    66326527
    66326527    66326527    66326527
i_gainSet1064   =      250     250     250     250     250     250     250
     250
i_4nsPeakVal    =       32      35      32      32      32      32      32
      32
i_8nsPeakVal    =       31      32      30      30      30      30      30
      31
i_4nsBgMean     =     2952    2917    2920    2946    2920    2926    2926
    2938
i_4nsBgSDev     =      165     171     169     168     171     171     173
     172
i_samp_pad      =       44      44      44      44      44      44      44
      44
i_comp_type     =    1   1   1   1   1   1   1   1
i_rng_wf        =   27  30  30  28  30  28  28  31  31  30  29  29  30  28  29
  29  28  27  27  27  29  29  31  31  29  27  31  30  29  30  31  30  31  27  28
  29  27  27  29  26  29  31  28  29  30  28  28  28  28  28  28  29  29  26  27
  30  27  27  31  29  29  30  29  30  30  28  29  27  26  29  28  27  30  29  28
  28  28  30  29  26  28  29  29  28  29  31  30  29  28  27  32  30  29  31  29
  27  28  29  30  29  32  30  31  32  32  28  29  29  27  27  28  28  29  29  28
  28  29  29  31  29  28  30  29  28  29  29  30  30  28  29  31  30  28  26  30
  32  31  27  27  32  31  27  28  30  29  28  31  30  30  29  31  30  27  31  32
  31  31  30  33  33  30  28  29  31  31  29  29  27  28  29  30  30  29  29  32
  31  30  31  32  31  31  30  29  29  28  28  30  29  28  28  28  28  29  29  32
  30  26  28  28  29  32  28  30  29  26  27  30  31  32  26  25  28  29  29  31
  27  27  29  30  27  28  28  28  29  29  28  31  30  28  32  27  29  32  29  29
  30  28  28  30  28  27  27  28  30  30  32  31  26  30  28  30  31  28  27  31
  27  31  31  25  26  31  29  28  27  30  31  29  29  29  30  28  28  32  27  26
  32  31  27  28  29  28  29  29  25  27  32  31  28  31  29  29  31  29  27  29
  30  29  28  29  29  30  28  28  28  31  31  30  28  28  30  30  28  28  28  27
  28  29  28  29  29  28  28  28  28  28  28  29  29  28  28  32  29  27  33  30
  27  30  25  28  32  31  31  29  27  30  30  27  28  29  31  32  28  29  29  28
  29  32  27  27  29  30  28  28  28  28  30  28  27  31  29  29  30  29  27  29
  30  28  28  28  28  28  28  29  30  28  28  29  29  31  27  26  30  28  27  28
  30  28  29  29  28  27  28  29  30  29  29  32  30  26  28  28  28  29  30  31
  28  27  30  30  25  27  32  30  29  29  28  29  30  28  27  29  28  29  29  31
  31  28  31  31  28  29  27  27  29  29  28  31  26  26  30  29  28  29  30  29
  30  31  28  28  28  31  29  27  29  30  27  28  29  30  31  31  29  28  29  29
  28  28  31  32  30  28  24  26  29  27  27  29  30  30  28  29  29  30  29  28
  29  29  30  31  29   0   0   0   0   0   0   0   0   0   0   0   0   0   0   0
   0   0   0   0   0   0   0   0   0   0   0   0   0   0   0   0   0   0   0   0
   0   0   0   0   0   0   0   0   0
  29  29  29  30  29  30  33  27  25  29  28  28  31  27  27  30  28  27  28  28
  30  30  28  28  29  27  30  31  28  25  28  30  28  28  30  27  28  31  28  31
  31  29  31  30  27  29  29  26  27  27  29  28  27  29  31  28  29  30  26  30
  33  28  27  29  27  28  29  28  29  29  27  28  28  28  28  27  27  30  27  28
  29  27  28  29  28  26  28  29  27  29  28  24  28  29  30  30  29  27  29  28
  25  26  29  28  28  30  32  30  28  29  28  28  29  30  29  29  30  30  30  30
  30  28  28  29  29  28  27  28  30  29  27  31  32  28  29  28  28  29  30  30
  28  29  29  29  28  29  28  27  27  27  29  28  30  30  26  27  29  28  28  28
  28  29  34  30  29  32  28  26  29  28  27  26  28  31  30  28  29  28  33  32
  26  27  28  29  29  28  28  27  28  29  28  28  29  28  28  31  26  26  32  28
  27  31  27  27  29  28  30  29  27  25  28  28  31  31  28  28  27  25  31  27
  24  29  29  28  30  28  28  30  29  27  29  28  29  31  32  30  30  29  29  29
  27  27  30  30  30  29  29  28  31  30  28  32  28  28  33  29  29  31  29  29
  30  30  31  28  28  28  31  25  26  30  27  27  31  26  27  29  29  26  28  27
  27  29  28  27  29  29  28  28  32  30  30  29  28  29  30  27  29  31  28  28
  29  28  27  28  30  30  29  29  31  28  29  30  26  28  29  28  29  29  29  31
  28  28  29  27  28  30  29  30  31  28  28  28  28  30  29  29  32  30  29  28
  29  28  29  30  31  28  28  29  29  32  29  26  30  30  27  31  30  29  30  26
  26  28  28  29  30  28  30  30  28  28  31  30  29  29  28  26  28  28  27  31
  30  27  31  30  28  30  29  26  26  29  28  30  31  27  29  29  27  28  28  28
  29  28  28  28  27  29  29  28  28  31  32  30  29  28  29  31  28  28  30  27
  29  31  29  31  30  26  29  29  27  31  29  27  30  32  32  31  29  28  28  28
  27  28  28  27  28  32  37  34  32  30  29  28  30  28  27  29  32  28  30  33
  30  26  30  28  28  29  28  27  31  30  31  30  28  29  32  30  32  30  29  32
  30  26  28  27  28  30  28  30  31  27  28  32  29  28  30  27  28  30  31  32
   0   0   0   0   0   0   0   0   0   0   0   0   0   0   0   0   0   0   0   0
   0   0   0   0   0   0   0   0   0   0   0   0   0   0   0   0   0   0   0   0
   0   0   0   0
  28  29  31  26  26  27  31  29  28  28  31  30  28  29  30  29  27  27  27  31
  32  28  29  31  28  29  34  28  29  31  28  28  31  30  27  30  29  27  27  28
  28  28  29  28  28  29  28  26  28  29  27  29  28  27  27  28  29  29  29  27
  30  30  30  29  28  28  28  27  28  30  28  28  28  29  28  27  27  27  27  28
  29  30  27  26  28  28  29  29  29  27  28  30  28  28  28  28  28  28  33  30
  28  30  28  28  30  29  30  32  31  28  28  27  30  27  29  32  31  29  31  28
  30  31  31  30  30  32  30  25  30  30  29  31  30  29  31  32  31  27  29  28
  27  27  29  31  29  27  28  28  28  28  31  29  27  28  28  28  28  26  27  27
  27  28  28  28  27  31  32  28  29  31  29  28  30  32  29  28  29  31  27  27
  32  28  27  29  25  23  29  29  27  28  32  30  28  27  29  30  29  27  29  30
  28  25  29  30  28  28  30  28  27  26  28  27  27  28  28  29  31  26  28  29
  25  26  31  28  29  31  28  27  28  31  31  28  29  29  31  29  29  29  28  28
  29  28  28  28  30  29  29  28  31  31  28  28  28  28  29  29  29  28  27  29
  29  29  28  26  29  31  29  30  29  27  30  29  31  30  31  30  31  30  28  28
  29  28  30  31  30  30  31  29  28  27  28  28  27  30  29  27  30  30  27  27
  27  27  29  29  29  29  29  29  31  31  32  30  29  28  28  27  28  28  31  28
  27  28  28  28  29  29  31  29  29  28  26  26  31  31  27  32  32  28  29  30
  29  30  30  27  28  27  27  29  32  30  31  29  29  29  27  27  32  26  26  28
  24  26  30  30  29  30  31  29  30  28  27  28  28  29  28  27  27  30  31  29
  29  28  29  28  28  30  28  28  30  28  27  27  28  28  30  29  31  29  28  29
  28  29  29  28  30  28  26  27  30  29  28  32  30  25  28  27  27  28  28  28
  28  27  29  31  31  29  28  26  28  29  28  26  29  31  29  27  29  29  29  29
  29  28  28  29  29  30  29  27  27  28  29  28  29  29  28  27  29  28  28  29
  29  29  28  27  29  30  29  29  29  28  29  29  28  27  28  30  30  28  30  30
  27  27  29  28  25  28  28  26  27  28  29  27  27  30  30  26  26  29  29  28
   0   0   0   0   0   0   0   0   0   0   0   0   0   0   0   0   0   0   0   0
   0   0   0   0   0   0   0   0   0   0   0   0   0   0   0   0   0   0   0   0
   0   0   0   0
  28  26  28  30  30  29  29  27  29  28  31  31  29  28  29  29  32  28  28  31
  28  28  30  28  28  27  29  27  26  28  31  31  27  28  29  28  28  29  28  28
  29  31  31  27  28  29  28  30  29  27  29  28  28  27  29  26  29  31  31  29
  30  28  31  33  29  33  34  29  27  26  27  28  27  26  28  28  29  29  28  28
  27  27  28  31  28  28  29  30  29  29  29  31  29  28  29  31  31  28  29  30
  30  28  28  31  28  24  30  27  25  28  28  27  30  30  28  28  31  27  25  27
  30  29  27  27  31  27  28  28  28  26  30  28  26  28  31  31  31  26  26  28
  29  26  30  33  28  28  32  29  28  29  28  27  27  29  31  28  31  30  29  29
  28  27  30  28  27  28  28  29  29  26  27  27  27  28  29  29  31  30  29  28
  28  28  28  28  28  27  29  29  29  28  28  29  31  29  28  29  31  29  28  27
  28  29  27  27  28  28  30  29  27  29  30  26  26  27  27  31  32  26  32  28
  29  31  26  25  31  29  32  32  28  29  29  27  30  28  29  30  28  29  29  29
  29  28  29  29  32  31  29  31  27  25  28  28  28  30  31  26  26  28  30  28
  31  28  29  31  27  24  28  31  31  30  31  30  27  26  30  27  28  30  28  28
  31  27  26  29  26  26  31  30  30  28  31  28  27  27  27  28  27  30  33  27
  28  28  28  26  29  32  29  29  32  29  29  32  32  30  29  32  32  28  27  30
  28  25  31  32  32  31  28  27  32  28  28  32  29  28  32  30  28  29  29  29
  28  27  29  31  29  28  32  29  27  31  30  26  30  28  27  29  28  27  30  26
  25  28  27  27  31  29  27  28  31  30  27  27  29  27  30  32  29  29  31  30
  28  29  28  27  27  30  29  27  28  27  29  29  28  29  31  28  28  26  28  30
  28  29  29  29  28  28  30  28  28  28  28  27  28  32  31  25  29  30  31  30
  31  30  28  30  29  31  30  26  29  32  30  31  32  30  29  31  31  28  28  27
  26  27  28  30  28  30  29  28  28  28  30  30  30  30  31  29  27  29  29  28
  29  27  28  27  25  28  29  27  28  31  28  28  32  28  29  29  28  29  30  26
  27  30  27  27  32  29  26  28  27  25  29  28  30  28  28  29  31  28  28  29
   0   0   0   0   0   0   0   0   0   0   0   0   0   0   0   0   0   0   0   0
   0   0   0   0   0   0   0   0   0   0   0   0   0   0   0   0   0   0   0   0
   0   0   0   0
  31  28  28  29  31  30  29  30  29  29  30  27  29  29  29  29  30  28  30  28
  28  29  30  30  30  29  30  30  28  28  27  26  28  28  31  29  27  29  28  28
  32  29  28  32  30  30  32  27  29  28  30  32  29  26  28  28  27  29  30  28
  27  30  28  28  31  29  27  30  31  32  32  28  27  32  32  30  29  29  29  29
  29  28  29  28  28  29  29  28  27  27  29  27  26  31  28  24  30  28  27  33
  30  25  30  30  28  28  28  27  30  28  27  29  30  28  28  30  30  28  28  29
  29  30  28  27  29  30  27  27  29  27  28  29  28  28  30  30  29  28  27  26
  28  29  31  28  29  28  28  28  28  29  32  30  31  29  28  30  27  27  30  27
  28  29  28  28  31  30  29  29  25  27  29  28  31  29  28  29  32  29  30  28
  28  32  28  27  29  29  27  27  29  29  29  29  32  27  26  28  28  29  28  27
  30  31  27  27  30  27  27  28  27  27  28  29  29  28  30  30  29  31  30  31
  31  27  29  31  28  28  28  28  28  27  29  29  29  31  28  27  30  28  29  33
  32  27  28  29  30  28  28  27  29  28  28  29  28  26  28  30  27  28  29  26
  26  30  30  29  28  27  27  27  28  29  30  28  28  29  27  27  31  31  32  27
  25  28  29  29  32  27  28  28  28  29  31  28  28  28  28  28  29  28  28  28
  31  30  29  27  28  28  28  30  29  29  29  29  28  27  28  31  28  29  29  29
  32  30  28  30  29  27  31  28  29  33  29  24  29  30  28  29  28  27  29  28
  27  27  28  28  29  29  29  29  29  30  28  26  30  31  29  29  28  28  29  29
  29  28  32  29  29  30  25  27  31  28  28  29  29  30  32  29  29  29  27  27
  30  30  32  29  28  30  29  27  31  28  28  31  28  27  30  28  27  28  28  29
  31  30  30  30  29  29  30  30  28  28  29  28  28  27  27  28  30  27  28  29
  29  28  27  27  31  29  27  26  25  27  29  28  30  30  28  27  28  28  30  30
  29  29  29  29  29  29  32  28  27  28  27  27  30  30  29  28  26  25  30  28
  28  28  28  28  31  29  31  31  29  31  31  28  32  28  28  32  27  27  30  26
  27  29  28  28  29  26  27  27  28  32  29  28  32  30  28  30  28  30  29  25
   0   0   0   0   0   0   0   0   0   0   0   0   0   0   0   0   0   0   0   0
   0   0   0   0   0   0   0   0   0   0   0   0   0   0   0   0   0   0   0   0
   0   0   0   0
  29  26  27  28  28  29  30  26  27  28  29  30  29  28  28  28  26  30  34  30
  30  27  27  31  29  24  29  29  28  30  29  27  32  31  27  29  30  28  28  27
  27  30  31  27  29  28  28  30  29  28  31  31  31  31  31  28  28  30  29  28
  28  32  32  28  28  29  29  29  28  27  30  30  29  31  29  28  31  30  28  28
  30  30  27  29  31  28  28  30  29  27  28  28  28  31  30  26  28  28  27  28
  28  27  28  31  31  30  30  30  28  29  28  27  29  30  29  26  29  30  28  28
  28  27  32  30  28  29  31  28  28  29  28  28  28  28  28  30  31  29  29  30
  30  29  30  29  26  28  28  28  29  27  28  28  27  30  32  27  28  31  30  29
  30  29  26  28  28  27  27  28  30  30  29  29  29  28  30  29  27  27  29  28
  28  28  28  28  29  29  30  28  29  30  28  30  29  26  28  30  28  28  28  28
  30  28  27  28  29  29  28  27  28  28  29  30  32  30  29  30  31  30  29  28
  27  28  31  26  29  30  29  30  28  26  28  31  30  27  27  31  30  28  28  28
  30  29  28  30  29  28  31  27  28  31  30  31  28  30  29  27  29  29  27  29
  29  26  29  30  27  32  31  27  30  29  28  28  28  28  30  29  32  30  28  28
  28  30  30  25  31  28  28  29  30  27  28  28  25  28  33  30  28  29  28  26
  29  30  28  28  28  26  27  27  29  32  28  28  31  29  30  30  28  28  30  29
  29  29  29  29  29  31  29  28  31  28  29  30  28  29  30  30  29  28  30  31
  28  27  32  30  28  31  28  27  29  28  31  30  27  31  32  28  28  28  29  28
  28  27  28  28  28  28  31  28  28  28  28  30  29  27  31  30  27  29  28  28
  31  30  28  27  28  30  32  28  27  28  27  25  30  28  28  30  30  30  30  31
  32  32  32  31  29  27  30  30  29  28  28  30  29  29  32  28  30  32  29  28
  28  28  31  30  29  28  28  28  29  28  26  26  29  28  29  28  29  29  32  28
  31  31  28  29  31  29  29  29  28  28  31  31  31  30  28  29  29  28  28  28
  30  30  28  28  28  29  31  30  27  31  32  28  29  29  30  31  31  28  28  29
  27  25  30  30  31  32  31  30  29  30  28  28  32  29  27  29  27  28  29  27
   0   0   0   0   0   0   0   0   0   0   0   0   0   0   0   0   0   0   0   0
   0   0   0   0   0   0   0   0   0   0   0   0   0   0   0   0   0   0   0   0
   0   0   0   0
  29  29  28  27  28  28  27  28  29  28  28  28  30  30  32  29  27  27  29  29
  30  32  26  26  33  31  28  30  28  28  29  30  30  31  31  29  28  30  30  26
  26  29  29  28  28  27  30  30  27  28  29  29  29  28  28  29  31  29  28  28
  28  28  29  29  28  28  29  28  26  32  32  29  29  30  29  25  26  29  29  27
  30  29  25  28  27  27  27  28  28  28  28  27  26  28  30  30  28  28  28  31
  30  26  29  30  29  28  28  27  29  29  27  27  28  28  28  28  28  32  30  28
  28  29  29  28  28  30  29  29  29  25  27  29  30  30  29  28  27  27  30  31
  27  28  32  28  26  31  31  31  32  28  30  28  28  29  29  28  28  29  29  27
  28  29  31  28  28  30  31  29  30  30  31  29  28  28  29  28  27  27  28  28
  29  28  30  30  26  27  29  30  29  28  27  29  29  28  29  28  27  27  31  27
  29  32  28  29  30  30  29  27  30  30  28  28  28  29  30  29  28  31  32  28
  28  29  29  29  30  29  27  29  29  28  29  30  32  30  28  30  29  29  29  28
  30  29  29  28  28  28  31  29  27  26  27  28  28  28  28  30  31  30  31  29
  27  28  28  28  30  26  28  28  28  28  28  28  31  29  28  28  28  27  27  27
  29  31  30  30  32  28  26  27  28  28  30  28  28  28  31  29  25  28  31  26
  28  31  28  30  32  30  30  29  28  28  28  28  28  30  29  28  28  28  28  31
  31  28  26  29  30  29  30  27  29  30  28  29  30  29  29  28  29  31  30  26
  27  29  28  28  28  28  30  28  28  28  29  32  30  28  31  31  29  28  29  27
  28  27  27  27  30  30  27  28  32  31  28  26  25  30  28  27  27  29  30  28
  27  27  28  32  32  27  28  28  27  26  30  28  30  27  26  29  30  27  29  27
  28  30  28  28  31  29  27  27  27  29  29  28  30  28  27  28  28  27  32  29
  26  28  32  28  26  27  31  27  26  28  28  26  30  30  27  29  30  28  29  31
  30  29  29  29  33  32  28  29  29  30  28  28  29  28  28  28  29  27  28  28
  26  26  30  26  26  31  30  26  26  30  31  28  30  31  28  27  30  29  31  29
  30  29  27  27  28  28  32  27  30  32  27  27  30  27  26  29  28  29  29  27
   0   0   0   0   0   0   0   0   0   0   0   0   0   0   0   0   0   0   0   0
   0   0   0   0   0   0   0   0   0   0   0   0   0   0   0   0   0   0   0   0
   0   0   0   0
  27  29  28  30  32  27  27  32  30  28  30  31  29  28  30  28  28  30  30  28
  32  31  31  28  28  29  28  28  28  25  28  28  28  27  31  28  29  30  28  28
  32  28  27  28  32  33  28  28  29  29  29  30  28  31  30  24  28  31  29  27
  27  27  27  28  29  30  32  32  32  30  28  30  29  28  29  29  28  27  30  32
  29  29  29  31  29  29  29  28  29  30  30  27  29  30  30  31  30  26  30  31
  29  29  30  28  28  29  31  31  30  30  32  32  31  29  29  27  28  28  27  26
  31  30  29  30  29  29  31  29  27  29  28  28  30  30  28  27  29  29  30  28
  28  28  27  30  33  26  30  32  29  30  31  26  29  30  28  28  31  28  28  29
  29  29  32  31  27  29  30  30  31  29  28  29  29  29  28  26  28  26  27  28
  28  28  26  25  32  33  27  27  30  30  26  28  29  30  29  28  28  28  29  30
  31  30  29  29  28  27  28  29  28  28  29  31  29  29  32  26  28  29  30  30
  31  29  27  27  27  28  30  28  29  32  32  28  28  29  31  30  28  29  32  30
  27  29  29  29  28  27  27  27  28  29  29  27  29  31  29  26  30  31  29  29
  28  28  30  27  29  30  28  27  29  28  27  27  28  28  30  31  31  30  30  27
  31  33  28  25  30  30  28  28  29  29  29  30  31  28  28  28  28  28  28  28
  27  28  30  30  27  28  29  27  29  31  28  31  33  26  29  31  27  27  30  30
  28  30  29  31  32  30  30  29  28  31  31  28  31  31  26  29  32  30  29  27
  28  28  28  29  29  27  28  28  28  31  29  28  32  31  29  29  29  28  30  29
  28  28  28  28  28  28  28  29  28  29  30  31  29  30  29  28  29  28  26  26
  32  30  30  30  29  28  28  29  31  30  29  28  30  30  28  27  29  30  31  30
  28  28  30  30  28  28  28  29  30  28  28  32  31  30  28  28  29  28  26  28
  28  27  28  28  28  30  28  28  29  29  29  29  28  28  32  29  28  28  30  26
  31  31  29  30  31  27  28  30  31  30  30  28  28  28  28  26  28  28  27  31
  29  27  29  28  27  28  31  29  28  27  27  29  31  27  27  30  31  27  28  30
  27  27  31  29  28  30  30  26  31  30  29  32  28  26  31  27  25  29  30  28
   0   0   0   0   0   0   0   0   0   0   0   0   0   0   0   0   0   0   0   0
   0   0   0   0   0   0   0   0   0   0   0   0   0   0   0   0   0   0   0   0
   0   0   0   0
i_gainStatus    =    1   1   1   1   1   1   1   1
i_NumCoinc      =    0   0   0   0   0   0   0   0
i_rawPkHt       =   34  36  34  34  34  34  34  34
i_spare2        =    0   0   0   0   0   0   0   0   0   0   0   0   0   0   0
   0   0   0   0   0   0   0   0   0   0   0   0   0   0   0   0   0   0   0   0
   0   0   0   0   0   0   0   0   0   0   0   0   0   0   0   0   0   0   0   0
   0   0   0   0   0   0   0   0   0   0   0   0   0   0   0   0   0   0   0   0
   0   0   0   0   0   0   0   0   0   0   0   0   0   0   0   0   0   0   0   0
   0   0   0   0   0   0   0   0   0   0   0   0   0