=GLA01
version=v6_0
type=LONG
i_rec_ndx       =    241455472
i_UTCTime       =    118796747      274203
i_gla01_rectype =        2
i_Spare1        =        0
i_filtnum       =    5   5   3   2   1   2   2   2
i_shot_ctr      =       89      90      91      92      93      94      95
      96
i_statflags     =            0           0           0           0           0
           0           0           0
i_gainSet1064   =      106     118     146     100      58      35      24
      25
i_4nsPeakVal    =       88      38      39     252     232     127      78
      89
i_8nsPeakVal    =       83      34     250     235     200     112      75
      83
i_4nsBgMean     =     2931    2925    2930    2926    2928    2919    2917
    2917
i_4nsBgSDev     =      109     113     126     107      91      75      74
      73
i_samp_pad      =        0       0       0       0       0       0       0
       0
i_comp_type     =    0   0   0   0   0   0   0   0
i_rng_wf        =   29  29  32  31  31  31  31  31  30  30  30  29  30  30  30
  28  29  30  30  28  29  32  31  29  31  31  31  29  28  28  27  29  30  30  31
  31  31  31  31  31  33  33  33  32  31  33  33  32  33  32  31  29  29  31  32
  30  30  32  32  28  29  31  31  28  30  31  29  29  30  31  30  29  30  30  30
  30  30  30  30  30  30  30  30  31  32  33  33  31  32  32  32  32  32  32  31
  32  32  32  32  31  31  31  31  31  32  32  32  31  31  30  30  31  32  32  30
  30  31  32  32  31  31  31  31  31  31  30  30  32  31  30  32  32  34  34  34
  32  33  33  33  34  34  34  33  32  33  32  32  32  32  32  34  34  34  34  31
  31  32  34  34  33  36  37  37  36  36  36  38  42  43  42  41  41  42  42  41
  43  44  44  41  40  39  42  49  50  50  51  52  51  51  56  56  53  53  54  57
  54  52  54  56  54  54  57  57  53  51  51  49  50  54  57  61  59  59  60  59
  60  62  63  62  57  62  66  67  69  71  75  80  83  89  91  90  86  86  86  86
  77  72  72  70  67  67  64  62  61  64  65  64  64  64  65  65  64  66  70  73
  69  63  59  54  54  57  62  62  59  58  59  62  62  66  70  71  70  69  68  68
  69  73  77  77  75  76  75  73  74  78  82  81  77  78  81  82  80  78  79  83
  81  79  79  79  76  74  76  79  81  85  85  81  76  75  79  79  78  78  78  78
  78  79  79  75  71  70  73  76  76  75  71  70  70  74  74  73  70  69  69  69
  66  66  66  65  61  61  61  59  59  59  60  60  57  57  56  56  56  60  63  64
  64  62  59  57  56  57  57  59  56  54  57  59  61  61  57  54  52  52  53  53
  48  46  45  45  45  45  47  47  44  44  44  45  44  43  43  41  41  43  45  46
  44  43  42  41  41  44  45  46  46  46  48  50  47  43  38  38  40  44  46  46
  44  40  38  38  39  41  41  41  40  41  41  40  38  37  37  36  37  40  40  40
  37  35  36  37  38  38  38  38  36  36  36  36  36  37  38  38  37  37  36  36
  34  36  36  36  36  37  38  34  33  32  32  34  34  34  36  38  36  38  38  37
  37  37  38  35  34  36  37  36  34  36  38  37  37  38  38  38  38  38  38  37
  37  39  41  41  38  38  38  39  39  40  40  38  34  34  34  34  36  36  36  36
  34  34  36  37  35  34  33  34  34  34  33  32  32  33  33  33  32  34  36  35
  32  31  31  32  32  32  32  32  32
  36  37  34  32  32  32  34  34  34  35  35  34  35  34  34  35  35  35  33  32
  34  34  34  32  31  32  34  34  34  34  33  33  33  32  32  33  36  37  34  32
  32  33  35  37  38  38  34  29  30  33  33  32  32  32  33  34  34  32  33  33
  34  35  35  33  32  34  33  32  33  33  33  34  36  36  35  34  34  36  36  36
  34  32  32  32  33  34  33  32  32  32  33  34  36  36  34  32  32  33  33  34
  34  33  33  33  33  32  32  32  32  34  34  34  34  34  32  32  31  31  32  31
  33  33  32  32  32  31  31  32  33  33  32  31  32  32  30  30  31  32  33  33
  33  32  32  31  31  32  32  32  33  32  32  32  32  30  29  29  33  34  34  32
  31  32  32  32  33  32  32  33  33  33  33  33  34  34  36  36  34  32  31  31
  32  32  32  32  34  34  34  32  32  31  31  32  33  36  36  34  33  34  34  35
  35  33  33  33  36  36  35  35  35  35  34  34  34  34  34  32  32  33  33  32
  33  31  32  34  36  36  33  31  32  34  34  34  32  32  32  32  34  35  36  34
  34  36  35  35  34  33  33  34  34  36  36  35  35  34  32  33  34  34  34  35
  38  38  38  38  39  39  36  32  31  33  34  36  37  36  34  34  36  38  40  38
  34  34  34  34  34  32  32  32  36  37  34  32  32  32  33  33  36  36  36  34
  34  36  36  34  33  34  35  37  37  35  35  35  38  38  36  34  34  34  34  34
  35  36  36  34  34  37  38  38  39  39  38  36  36  36  34  34  34  35  34  34
  36  36  37  38  39  39  39  39  40  40  37  36  35  37  38  38  38  38  38  38
  41  41  41  39  40  40  40  38  38  37  37  37  40  40  39  38  39  40  42  43
  43  42  40  38  40  40  40  40  40  41  43  44  45  44  44  38  38  40  41  44
  46  47  45  43  43  42  40  38  39  40  41  41  42  43  41  40  44  51  52  45
  44  44  45  47  48  48  45  42  42  44  46  44  44  45  43  43  45  46  46  46
  48  48  48  47  46  44  44  44  44  45  43  43  47  47  47  44  44  45  45  47
  47  45  44  42  43  42  39  38  39  39  41  46  51  53  53  48  48  48  49  48
  47  47  49  49  49  49  48  47  47  47  48  49  50  50  50  48  48  50  50  50
  53  54  54  53  56  57  54  54  55  55  54  50  50  53  51  49  50  51  53  53
  53  57  57  56  57  57  57  54  56  57  57  57  57  57  57  54  53  54  59  60
  60  58  56  54
  29  31  32  28  28  28  29  30  31  31  31  30  30  30  30  30  32  32  30  28
  29  32  32  29  32  34  34  32  32  32  35  37  34  28  27  27  33  36  34  30
  32  35  34  33  32  33  35  37  38  38  36  33  35  39  41  40  40  40  38  37
  36  34  34  35  39  41  41  40  36  36  36  38  42  43  43  43  43  43  41  41
  41  42  43  46  48  48  49  48  50  52  59  63  69  76  82  86  89 100 114 125
 148 170 172 160 165 195 217 222 232 238 238 234 233 233 235 235 241 249 253 255
 255 255 255 252 252 251 250 243 244 246 245 241 246 249 233 201 172 154 141 130
 123 119 113 107 103 102  99  95  95  95  95  91  85  83  83  83  87  90  87  80
  74  73  78  81  83  83  75  71  75  80  80  73  69  68  68  69  67  65  64  64
  71  75  75  71  68  67  67  64  67  73  73  70  67  63  60  58  63  67  65  61
  60  62  69  70  69  69  67  65  67  70  73  73  76  79  78  76  76  78  79  78
  79  76  71  68  68  73  77  76  74  73  73  76  81  83  80  76  81  88  85  75
  68  65  66  67  70  67  59  54  50  50  51  49  46  44  42  43  44  43  41  38
  37  37  35  32  33  34  34  34  32  32  32  29  29  30  31  31  32  31  30  29
  30  30  30  29  29  29  29  28  28  29  31  30  31  31  29  29  29  30  30  30
  30  30  30  30  30  32  31  29  29  29  29  28  30  31  32  29  29  29  29  29
  28  29  28  27  28  29  29  27  27  28  29  29  29  30  30  29  29  30  30  28
  28  31  31  28  28  28  28  28  30  30  30  29  30  31  31  31  31  31  30  30
  31  29  29  28  28  29  29  30  29  29  29  29  29  29  29  28  28  28  30  30
  29  30  30  30  30  30  30  27  27  29  30  29  29  29  29  28  29  31  31  29
  29  29  29  29  31  32  30  28  29  29  29  29  31  31  31  31  31  30  29  28
  29  29  29  28  30  31  31  30  29  29  29  28  31  32  30  27  28  30  30  29
  31  31  29  29  30  30  30  30  31  32  32  30  29  29  29  29  30  29  29  27
  27  28  28  28  28  28  29  30  30  30  31  29  29  29  29  28  29  31  30  30
  30  30  30  29  29  29  29  29  30  30  28  27  28  29  29  29  30  30  28  28
  28  29  28  28  29  29  30  29  31  32  29  28  28  29  29  29  31  31  31  31
  31  28  28  28  30  32  32  31  31  31  31  29  29  29  29  29  30  32  32  31
  32  31  28  28
  32  32  32  30  30  32  32  31  28  28  32  33  35  35  33  31  31  31  32  32
  33  33  33  32  32  32  31  31  32  32  33  33  33  31  31  31  33  34  34  34
  34  34  33  32  32  32  32  32  34  36  36  33  32  34  36  37  41  40  37  34
  37  41  42  46  58  66  71  89 142 197 213 224 238 251 255 255 254 251 246 246
 239 214 183 155 132 117 109 100  90  87  83  77  77  78  78  74  73  68  63  62
  68  74  73  69  67  67  67  66  66  67  68  68  72  73  70  68  67  65  62  62
  63  66  66  64  64  65  63  59  60  59  58  58  63  65  62  61  62  68  73  77
  80  81  83  85  91  93  91  88  89  93  97 100 102 104 105 103 104 107 108 105
 104 104 104 101 101 101  98  93  93  93  93  93  93  94  91  85  83  85  86  83
  82  79  77  76  74  72  70  65  65  69  69  65  65  62  61  58  57  57  56  50
  46  45  44  43  44  47  45  42  41  39  38  36  36  35  34  32  32  33  33  33
  34  33  33  33  34  34  33  31  31  32  32  33  32  29  28  28  31  32  32  31
  31  31  31  30  29  29  28  28  28  29  30  28  28  29  29  29  29  29  29  29
  31  31  30  28  28  29  29  29  29  29  29  28  29  29  29  29  31  31  30  29
  28  29  28  28  30  30  29  28  28  28  29  29  29  29  29  29  29  29  29  28
  29  30  29  28  29  29  29  29  30  31  32  29  28  28  28  29  29  30  30  28
  28  27  28  28  28  28  28  28  29  29  29  29  29  30  30  29  29  29  29  29
  29  30  30  29  29  29  29  28  28  29  29  29  29  29  29  29  29  29  30  31
  31  31  30  30  31  29  29  28  28  29  32  31  32  32  30  28  29  31  30  28
  30  30  30  29  31  31  29  29  29  29  29  29  31  32  32  28  28  28  29  29
  29  29  28  28  29  30  29  27  28  29  29  29  29  29  29  29  30  30  29  27
  28  29  29  29  29  30  30  30  31  32  30  29  30  30  30  30  29  31  32  31
  30  30  30  28  29  30  30  28  29  31  31  29  29  30  30  29  30  32  32  29
  29  30  30  29  30  30  30  29  30  32  32  29  28  29  29  28  29  31  31  30
  31  31  31  29  29  29  29  29  29  29  29  28  29  30  31  30  29  28  28  28
  29  29  29  29  28  28  30  31  29  28  28  28  29  29  29  28  28  29  30  29
  28  30  30  28  29  30  31  28  28  32  32  29  29  31  31  29  29  31  32  29
  29  31  30  28
  29  30  30  30  31  31  31  31  32  31  31  32  32  33  33  30  30  29  28  28
  31  32  31  30  31  31  31  31  31  31  32  31  32  32  32  32  32  32  33  32
  33  33  32  31  34  38  38  37  41  44  43  43  49  62  81  93 110 147 197 226
 239 243 242 228 208 191 174 161 149 136 125 109  94  86  79  70  61  54  49  45
  45  46  46  44  42  42  42  40  41  44  44  42  43  44  43  43  43  44  44  43
  43  43  44  44  45  48  50  48  47  48  48  48  50  55  57  53  53  53  57  57
  58  60  58  54  53  53  54  54  59  64  65  63  63  64  64  62  63  63  62  58
  57  61  63  62  62  64  67  65  65  64  63  59  58  61  62  59  56  57  59  54
  54  56  57  54  53  54  54  53  53  55  57  54  53  51  49  46  48  49  48  45
  43  43  43  43  43  42  39  37  38  38  37  36  36  36  36  36  36  34  34  33
  33  33  33  32  32  32  32  32  32  32  31  28  29  29  29  29  29  30  29  29
  30  30  30  29  30  29  29  29  29  29  29  29  29  29  30  28  28  30  32  30
  30  30  30  28  29  30  31  28  29  31  31  31  31  31  30  29  29  29  29  29
  30  30  30  30  29  29  29  29  29  29  29  28  29  31  31  30  30  30  30  29
  29  29  29  29  29  30  30  30  29  29  28  28  29  29  29  28  28  29  29  29
  29  29  29  28  29  30  29  28  28  28  29  29  28  28  28  28  29  30  31  28
  28  30  30  29  29  30  30  28  29  30  31  29  29  30  30  30  30  31  31  28
  28  28  29  28  28  30  30  29  29  30  32  29  29  30  29  28  29  30  31  29
  29  30  30  29  30  30  31  29  30  30  29  29  30  30  29  28  28  29  29  29
  30  31  31  29  29  29  29  29  29  29  29  29  30  30  29  29  28  28  28  28
  29  29  29  28  29  29  29  29  28  29  29  29  29  29  29  27  28  30  29  28
  28  30  31  29  29  28  28  29  30  31  31  30  30  29  28  28  28  29  32  29
  29  29  29  29  29  29  31  29  29  29  29  28  29  30  30  29  29  30  30  30
  30  30  30  28  29  29  29  29  29  29  29  29  29  29  29  29  29  29  29  29
  29  29  28  28  30  30  30  28  30  31  29  29  28  29  29  29  30  29  29  28
  29  29  29  29  29  29  29  29  29  29  29  28  29  30  29  28  28  29  29  29
  29  30  30  29  29  29  29  29  29  29  29  29  29  29  31  31  31  31  31  31
  29  29  30  30
  29  30  30  30  31  32  32  30  31  31  29  28  29  30  30  30  31  31  31  30
  30  29  30  29  31  32  31  31  31  31  30  29  32  33  33  32  32  32  32  32
  31  30  32  33  33  32  32  32  34  34  33  32  34  37  38  36  36  37  39  39
  44  48  52  53  53  57  64  68  76  83  90  94 100 111 121 128 132 133 127 114
 103  94  83  72  69  63  58  54  50  50  50  49  50  50  50  50  51  53  54  53
  53  53  53  51  51  51  51  50  50  49  48  47  47  48  48  48  48  48  46  44
  44  43  41  41  41  43  44  44  44  44  43  41  41  40  40  41  41  42  40  39
  39  38  37  36  38  40  40  40  40  38  37  38  39  41  41  39  38  38  39  39
  39  39  39  37  37  37  38  39  41  44  44  44  44  45  44  42  39  39  40  38
  43  43  43  43  43  44  44  41  41  41  40  38  38  39  39  37  37  37  36  36
  36  35  35  33  33  32  32  31  32  32  33  30  32  32  32  30  31  31  31  29
  29  29  29  29  30  30  31  29  30  30  28  28  28  29  29  29  29  29  29  28
  29  29  29  29  29  29  29  29  29  29  29  30  31  30  28  28  28  29  30  30
  30  29  29  29  29  29  29  29  29  29  29  28  29  30  31  28  29  29  29  29
  29  30  30  29  29  28  28  28  28  29  31  29  29  29  29  28  28  30  30  29
  29  30  30  29  29  31  31  28  30  31  31  30  31  31  31  29  29  29  30  30
  30  31  31  29  29  29  29  29  29  30  30  30  30  28  28  28  29  29  29  29
  29  29  29  29  29  29  29  28  29  29  29  28  28  29  29  29  29  29  29  29
  29  29  29  29  29  29  28  28  28  29  29  29  29  29  29  29  29  29  29  28
  29  29  29  29  29  30  29  29  29  29  29  29  29  29  29  29  29  29  29  29
  29  29  29  28  30  30  30  29  29  29  29  29  29  29  28  28  29  30  30  28
  28  29  29  29  29  30  30  28  28  28  30  28  29  31  31  28  28  29  30  29
  29  30  30  29  30  31  31  29  29  31  31  28  28  29  30  30  30  31  31  29
  29  29  29  28  29  30  30  27  29  29  29  29  29  31  29  29  30  29  30  29
  29  30  30  30  30  29  29  29  29  30  29  28  29  29  29  29  28  28  28  28
  29  29  30  30  30  30  29  29  29  29  30  28  28  28  29  28  29  30  31  29
  28  29  28  28  29  30  31  29  28  28  28  28  30  30  30  30  30  30  29  28
  29  29  29  28
  30  31  32  28  30  31  31  30  30  31  30  29  32  32  32  32  32  32  32  29
  30  32  30  30  32  30  29  29  31  31  31  31  31  29  29  29  30  29  30  31
  32  33  31  31  32  33  33  33  34  35  37  36  38  38  38  38  44  49  50  53
  54  59  62  60  63  70  75  75  75  79  79  78  78  79  79  75  72  67  63  59
  53  50  48  46  47  45  44  44  44  45  44  44  44  45  45  43  43  43  43  41
  44  46  44  41  40  41  41  41  41  40  40  38  38  39  38  38  38  38  37  36
  36  36  35  35  35  35  35  34  34  36  36  33  34  34  34  34  35  35  34  34
  35  35  35  35  35  36  36  36  36  36  36  35  35  35  35  35  35  34  34  34
  36  37  36  36  36  36  35  35  35  36  36  36  37  36  36  36  36  36  36  35
  37  37  37  36  36  36  34  34  34  34  34  34  34  34  34  34  34  34  33  32
  32  32  32  32  33  32  32  31  31  32  32  31  31  31  31  30  30  30  30  29
  30  30  30  29  29  30  30  29  29  29  29  29  29  29  29  29  29  30  31  30
  29  30  31  28  29  30  29  29  29  30  30  29  29  29  29  29  29  30  31  29
  29  29  28  27  28  29  29  29  30  30  29  29  29  29  30  29  29  29  29  28
  28  29  29  29  29  29  29  29  30  30  30  28  29  29  29  29  29  29  29  29
  29  29  29  29  29  29  30  29  29  29  29  28  28  29  30  29  29  30  30  29
  29  30  30  28  29  30  30  29  30  30  29  29  29  29  29  29  29  29  29  29
  29  29  29  29  29  29  29  29  29  29  29  29  29  29  29  29  29  29  29  29
  29  29  29  29  29  29  29  29  29  29  29  28  29  29  30  29  29  29  29  29
  29  29  29  29  29  30  30  28  29  29  29  29  29  31  29  29  29  29  29  29
  29  29  29  29  29  29  29  29  29  29  29  29  29  29  29  29  29  29  29  28
  28  28  29  29  29  29  29  30  30  29  29  29  29  29  30  28  29  29  29  29
  29  29  29  29  29  29  30  29  29  29  29  29  29  29  28  28  29  29  30  29
  30  30  29  29  29  29  29  29  29  29  29  28  28  29  28  29  29  29  29  29
  29  29  29  29  29  29  29  29  29  29  29  28  29  29  29  29  29  29  29  29
  29  29  29  29  29  29  29  29  29  29  29  29  29  29  29  29  29  29  29  29
  29  29  29  29  29  29  30  29  28  29  30  29  29  29  30  29  29  30  30  28
  29  29  30  29
  29  30  30  29  29  29  29  30  31  30  30  30  31  31  31  31  32  33  32  31
  32  30  30  29  31  32  32  30  30  31  31  31  31  31  31  31  32  32  32  32
  32  32  32  32  34  34  34  34  34  34  34  34  34  34  35  34  34  34  35  35
  37  38  38  38  38  38  38  40  42  44  46  44  47  50  52  53  56  62  65  68
  75  82  87  89  91  91  88  86  86  83  76  68  62  56  53  48  46  44  41  39
  39  38  38  38  38  38  37  34  34  34  34  33  33  34  34  34  34  34  34  34
  34  33  33  33  33  34  33  33  34  34  34  34  35  35  35  34  34  34  34  34
  34  34  33  33  34  34  34  34  34  34  34  34  34  34  33  31  33  34  34  34
  35  34  34  34  35  35  36  35  35  36  36  35  35  35  35  34  34  34  34  35
  38  38  36  36  36  37  38  38  38  36  36  36  37  38  37  37  37  37  37  36
  36  37  38  38  38  38  38  38  37  37  34  34  37  37  37  34  36  36  36  35
  35  35  34  34  34  34  34  34  35  34  34  33  33  33  32  31  31  30  30  29
  29  29  29  30  30  30  30  30  30  29  29  28  29  29  29  29  29  29  29  29
  29  29  29  28  29  30  30  30  30  30  29  28  29  29  29  29  31  31  31  31
  30  30  31  29  29  29  29  29  29  30  30  29  29  29  29  28  29  30  30  28
  29  30  29  29  30  31  29  29  29  29  29  29  30  29  29  28  29  29  29  29
  29  29  29  29  29  29  30  29  29  29  29  28  29  29  30  29  29  29  29  29
  29  29  29  29  29  29  29  28  29  29  29  28  28  29  29  29  29  29  31  29
  30  31  30  28  28  30  30  29  29  29  29  29  29  30  30  29  29  29  29  29
  30  30  30  29  29  29  29  29  29  30  31  28  28  29  30  29  29  31  31  29
  28  29  29  28  29  31  31  28  28  31  31  29  29  31  31  29  29  30  29  29
  30  30  30  29  29  29  29  29  30  30  30  29  29  29  29  29  29  29  29  28
  29  29  30  28  28  28  29  29  29  29  29  29  30  30  31  28  28  29  29  29
  29  30  30  29  29  30  29  29  30  30  30  29  28  28  28  28  29  29  29  29
  29  29  29  29  29  29  29  29  29  29  29  28  29  29  29  29  29  29  29  29
  29  29  29  28  29  29  29  28  28  28  28  28  29  29  29  29  29  29  29  29
  29  29  28  28  29  29  30  28  28  29  29  29  29  29  30  29  29  29  30  28
  29  30  30  28
i_gainStatus    =    0   0   0   0   0   0   0   0
i_NumCoinc      =    6   5   6   6   6   6   6   6
i_rawPkHt       =   90 189 255 255 242 132  79  91
i_spare2        =    0   0   0   0   0   0   0   0   0   0   0   0   0   0   0
   0   0   0   0   0   0   0   0   0   0   0   0   0   0   0   0   0   0   0   0
   0   0   0   0   0   0   0   0   0   0   0   0   0   0   0   0   0   0   0   0
   0   0   0   0   0   0   0   0   0   0   0   0   0   0   0   0   0   0   0   0
   0   0   0   0   0   0   0   0   0   0   0   0   0   0   0   0   0   0   0   0
   0   0   0   0   0   0   0   0   0   0   0   0   0