=GLA01
version=v6_0
type=LONG
i_rec_ndx       =    241455482
i_UTCTime       =    118796748      274202
i_gla01_rectype =        2
i_Spare1        =        0
i_filtnum       =    4   4   4   4   4   4   5   5
i_shot_ctr      =      137     138     139     140     141     142     143
     144
i_statflags     =            0           0           0           0           0
           0           0           0
i_gainSet1064   =       82     145      84      49      41      65      82
      73
i_4nsPeakVal    =      233      38      36      35      91     140      35
      37
i_8nsPeakVal    =      213     253     153      73      87      33      98
      67
i_4nsBgMean     =     2921    2924    2930    2922    2924    2928    2923
    2929
i_4nsBgSDev     =       96     122     102      87      87      93      96
      95
i_samp_pad      =        0       0       0       0       0       0       0
       0
i_comp_type     =    0   0   0   0   0   0   0   0
i_rng_wf        =   30  31  29  29  29  29  29  29  29  29  29  28  30  32  30
  28  27  28  29  29  29  28  28  28  29  30  30  29  29  29  29  29  29  29  29
  28  30  30  28  28  29  30  30  30  31  32  32  29  30  32  29  27  27  28  32
  32  32  30  32  32  32  32  32  32  33  33  33  33  34  33  33  32  34  34  34
  33  34  34  34  34  35  36  36  36  38  38  37  38  38  38  37  36  38  41  43
  39  39  39  39  40  45  48  45  44  44  45  46  45  49  53  54  57  62  63  63
  65  70  75  75  76  79  81  83  81  79  83  87  86  89  98 103 108 117 123 131
 137 148 166 183 194 211 226 233 236 240 240 226 206 192 180 168 151 135 122 110
  96  94  94  91  83  79  79  79  78  77  72  67  69  78  80  78  78  79  86  93
  96  96  93  90  90  96 102 106 103 100  99  97  96 101 103 103 102 103 102 101
 100 102 107 107 102  97  95  95  92  92  92  91  87  85  85  83  82  81  79  77
  72  69  66  64  57  54  54  53  50  50  51  49  45  44  43  41  41  38  38  39
  38  38  34  32  32  33  33  33  32  33  33  33  32  32  32  31  29  30  30  30
  30  31  32  31  30  30  30  30  29  31  32  32  32  32  32  32  30  30  30  29
  29  30  31  31  29  29  29  28  28  31  31  31  30  31  31  31  31  29  29  29
  28  30  30  29  28  27  28  29  29  29  29  29  31  32  31  31  29  29  29  31
  31  31  29  29  29  29  30  30  28  29  30  30  30  29  30  30  29  30  30  30
  30  30  30  30  30  29  29  29  29  29  29  30  28  28  30  30  30  30  30  30
  29  29  29  29  28  28  30  30  28  30  31  31  29  28  28  29  29  30  30  29
  28  27  29  31  29  29  29  29  29  31  31  31  29  29  29  30  31  31  31  31
  29  29  29  29  28  28  29  29  29  29  29  30  29  29  32  32  28  28  29  30
  29  29  31  31  29  30  31  31  29  29  31  31  28  28  29  30  29  29  31  30
  29  30  30  30  29  29  30  30  30  31  29  29  29  28  28  28  28  29  29  29
  29  30  30  30  28  29  29  29  29  29  29  30  29  29  29  29  30  30  30  30
  29  29  29  29  30  30  30  28  28  29  29  29  28  28  28  29  28  29  31  31
  30  29  30  30  29  29  29  29  26  25  29  31  29  29  31  31  29  29  31  31
  29  30  30  29  29  29  31  31  29  29  29  29  29  29  29  29  29  29  28  28
  28  29  29  29  27  28  28  28  28
  32  32  32  29  31  32  29  29  30  31  30  28  28  28  28  28  30  31  31  30
  30  30  30  28  28  28  28  25  28  31  29  28  28  31  31  29  29  28  26  26
  29  32  33  32  29  28  27  27  32  32  33  32  32  32  29  28  31  33  33  29
  27  30  32  31  34  36  37  37  37  35  34  34  39  40  40  38  38  36  34  34
  35  37  37  37  38  40  41  34  34  36  38  41  44  46  44  41  43  44  44  41
  42  44  45  50  51  48  46  46  51  58  59  54  54  54  55  55  57  62  63  63
  69  72  73  77  83  87  88  93  97  91 101 139 186 205 212 216 224 233 239 243
 249 255 255 255 255 255 255 255 255 255 253 251 254 255 255 252 255 255 253 246
 249 246 235 212 193 179 169 154 152 157 158 152 143 128 117 117 122 133 137 135
 136 146 152 151 147 142 147 155 167 172 161 147 145 151 162 171 176 171 165 160
 163 177 183 175 168 161 155 149 145 140 136 126 116 108 102  97 100  97  89  76
  69  66  66  65  63  59  56  51  49  49  49  46  47  46  44  41  37  36  33  33
  34  34  35  34  33  33  32  30  30  30  31  32  32  30  29  31  32  32  31  29
  30  34  34  31  31  31  31  29  28  31  29  29  30  31  31  29  29  31  32  31
  31  31  31  29  29  31  31  32  32  29  29  28  29  29  29  29  30  30  29  28
  29  29  29  30  31  29  29  30  30  30  32  30  29  28  30  31  32  33  30  28
  28  29  29  29  29  28  28  28  31  32  31  29  29  29  29  29  29  29  29  29
  29  29  29  28  28  28  29  28  29  30  29  28  29  30  30  28  28  28  29  29
  31  31  31  28  28  28  28  29  29  29  30  30  30  30  29  28  29  29  29  29
  29  32  32  32  32  32  31  29  29  31  32  30  29  29  29  28  29  30  31  29
  29  31  31  30  30  30  30  29  29  30  31  29  29  29  28  29  31  31  30  28
  27  29  31  30  30  30  30  30  30  30  29  28  29  29  29  29  30  31  31  30
  30  30  29  28  29  29  28  28  31  31  29  28  28  29  29  28  29  29  29  30
  31  31  29  28  28  28  29  29  32  32  31  28  29  29  30  30  30  32  31  29
  29  30  30  27  28  30  32  30  31  31  30  30  30  31  30  29  30  29  28  27
  28  31  31  30  30  29  29  29  31  32  31  28  28  29  29  29  30  30  30  30
  31  31  29  28  28  29  29  29  29  29  29  29  30  31  31  28  28  30  30  28
  30  31  31  29
  30  31  30  28  29  29  29  29  31  31  30  28  28  27  28  29  32  32  31  31
  31  29  29  30  32  33  32  31  29  30  29  28  30  30  29  28  31  31  31  30
  30  30  28  28  29  29  29  28  31  32  29  29  31  31  32  32  32  32  32  30
  32  35  35  31  28  31  32  33  33  32  32  34  36  37  35  34  35  36  37  37
  36  34  34  35  38  37  38  41  41  41  40  39  40  42  43  43  43  42  41  41
  42  43  43  43  43  42  41  39  40  43  43  41  41  43  45  46  48  48  48  46
  50  57  57  57  57  60  60  60  63  64  62  60  61  61  60  58  60  65  73  79
  81  83  83  81  81  86  89  87  87  96 103 104 109 110 110 111 120 135 146 147
 149 158 167 167 168 163 155 146 142 143 141 136 135 133 129 125 122 120 117 112
 110 110 108 102  98 100 100  98  98  99 100  98  99  99  98  94  93  97 102 102
 102 104 104 101 101 104 108 106 101 100  97  93  94  96  96  92  93  94  95  94
  92  91  89  83  83  83  79  73  70  70  72  69  65  65  63  60  60  61  61  54
  53  53  50  46  46  48  46  41  41  40  38  38  39  39  39  39  38  38  38  38
  38  36  36  35  35  34  33  32  32  33  33  32  32  32  32  31  32  32  32  32
  32  32  31  30  30  30  31  27  28  32  32  31  31  31  30  28  29  31  32  29
  29  31  31  31  31  31  31  29  30  31  32  31  31  31  31  29  29  32  33  29
  29  31  31  29  29  31  32  29  29  31  31  30  31  31  30  29  30  31  31  29
  30  32  32  31  31  31  30  29  30  30  30  30  32  32  31  30  31  29  29  29
  30  31  31  31  29  29  29  28  28  29  29  29  29  29  29  29  29  29  30  30
  30  30  30  29  29  29  29  28  28  28  28  28  29  30  30  30  29  29  29  29
  30  29  28  28  29  29  32  30  30  30  28  28  28  29  29  29  29  28  28  28
  29  29  29  29  29  29  30  30  29  29  30  29  29  29  29  29  28  29  30  29
  29  29  29  28  29  30  30  29  29  30  31  28  28  28  28  28  29  30  30  29
  28  28  28  28  29  29  29  28  31  31  31  31  30  31  31  30  30  30  29  27
  27  29  29  29  29  29  29  28  31  31  29  29  29  29  30  30  30  29  28  28
  29  29  29  29  31  32  32  31  28  29  29  28  30  30  31  29  29  31  32  30
  30  30  29  29  29  29  30  28  30  30  29  29  30  30  30  29  30  30  29  28
  28  28  29  29
  30  32  30  29  29  29  29  29  31  31  31  31  32  30  31  30  31  32  30  31
  31  30  30  30  31  31  31  31  32  33  33  31  31  31  31  31  31  31  30  30
  32  32  30  30  31  32  34  32  32  32  32  32  32  32  33  33  35  36  36  36
  36  34  35  34  34  36  36  36  34  34  34  34  38  38  38  37  37  36  34  33
  33  35  35  35  35  34  34  34  36  36  36  36  35  36  37  36  34  34  34  35
  36  36  35  35  36  36  36  35  37  38  38  38  39  39  38  38  38  39  39  38
  38  38  38  38  40  40  40  40  40  41  40  40  41  42  44  42  43  44  43  41
  38  38  38  38  40  44  44  44  47  47  45  41  42  46  47  46  47  47  47  45
  47  49  49  50  50  51  50  48  52  53  53  53  57  59  61  62  63  66  64  64
  66  70  73  74  76  76  75  75  75  73  72  70  72  74  74  71  71  72  72  70
  69  69  67  66  68  70  72  69  66  66  64  61  61  61  60  57  59  61  61  61
  62  61  61  61  62  64  64  63  62  61  61  59  62  65  64  62  62  62  62  61
  59  57  55  55  61  65  64  59  56  54  53  50  52  53  53  50  49  49  46  44
  44  44  44  43  43  41  38  38  38  38  39  38  37  37  36  36  34  34  34  33
  34  34  34  33  32  31  31  32  33  33  33  31  31  32  32  31  32  31  31  30
  31  31  31  30  30  29  29  29  29  32  32  31  32  32  31  28  29  32  33  30
  30  31  29  29  29  31  31  29  30  31  31  31  31  31  32  31  31  32  32  29
  29  30  30  28  28  31  32  29  29  30  31  29  29  30  30  29  29  30  30  29
  29  30  30  29  29  29  29  29  29  30  31  29  29  29  29  28  29  30  30  29
  29  29  29  28  28  28  29  29  29  29  30  29  29  29  30  28  29  30  32  28
  28  31  31  29  28  30  31  28  28  31  31  29  29  31  31  29  29  31  30  29
  29  30  30  29  30  30  29  29  29  29  29  29  29  29  29  29  29  29  29  28
  29  30  29  28  28  28  29  29  31  31  30  30  29  29  29  28  29  29  28  28
  28  28  29  28  28  28  29  29  29  29  30  28  29  29  29  29  29  29  30  28
  29  29  28  28  31  31  29  29  29  29  29  29  30  29  29  28  29  30  29  29
  28  29  30  28  29  29  29  28  29  31  31  28  28  30  29  29  29  30  30  29
  31  31  30  30  29  30  30  30  30  29  29  29  29  30  30  28  28  29  29  28
  29  29  31  29
  30  30  29  28  28  28  29  29  28  28  28  28  29  29  30  29  29  29  28  28
  28  29  31  30  30  30  28  27  28  29  30  29  29  29  29  29  29  30  29  28
  30  31  31  31  31  31  31  31  32  32  31  31  31  31  31  30  31  32  32  31
  31  31  31  30  32  32  32  32  32  32  32  32  32  32  32  34  34  34  33  32
  34  36  36  34  36  37  38  38  38  39  39  43  46  46  48  48  50  53  55  57
  57  57  60  60  60  64  64  63  63  62  63  65  72  75  75  76  78  84  87  85
  85  85  87  89  94  94  92  87  83  83  83  81  81  83  83  80  80  81  79  73
  69  68  65  61  61  62  62  61  60  59  57  57  57  57  57  57  58  58  59  58
  61  66  66  62  60  62  62  58  61  62  62  61  62  62  62  62  62  62  60  60
  61  62  64  64  63  61  59  57  53  53  50  48  49  49  49  44  43  43  41  38
  38  38  38  37  37  35  34  34  34  34  34  33  32  32  31  31  32  32  32  31
  31  32  32  31  30  29  29  29  29  30  31  28  28  29  28  28  29  30  30  29
  30  30  29  29  29  29  29  29  29  29  29  29  30  29  29  28  28  28  28  28
  28  29  30  28  28  29  31  29  28  29  31  29  29  30  30  28  28  31  31  28
  29  31  31  29  28  31  32  29  30  30  30  29  29  30  30  29  29  30  29  29
  29  28  29  29  29  29  29  30  29  30  31  28  28  29  29  28  29  30  30  29
  29  30  30  30  30  30  30  29  29  30  29  29  30  30  30  28  28  29  29  29
  29  29  29  28  29  29  29  29  29  29  29  29  29  29  29  29  28  29  29  29
  29  29  29  28  29  29  29  29  29  29  29  29  29  29  29  28  28  29  29  29
  29  29  29  29  29  29  29  27  27  29  30  29  28  29  30  29  29  30  31  28
  29  30  30  29  29  31  31  28  28  28  29  29  29  31  31  29  29  29  29  27
  27  28  30  29  29  31  31  29  29  30  30  28  29  30  30  29  29  30  30  29
  29  30  30  30  30  30  30  29  29  29  29  29  29  29  29  28  28  29  30  30
  30  31  31  28  28  30  30  28  28  28  30  28  29  31  31  30  30  31  30  29
  29  29  29  29  29  31  32  30  30  30  30  29  30  30  31  29  29  29  29  29
  29  29  29  28  29  30  30  29  29  29  29  29  29  29  29  29  29  29  29  28
  29  29  29  28  29  29  29  28  29  30  30  30  31  31  31  28  27  29  29  28
  29  29  30  29
  31  30  30  29  29  29  29  30  30  28  28  28  29  29  29  28  29  29  29  27
  28  29  28  28  31  31  31  29  30  32  31  27  28  29  29  29  31  31  29  29
  30  32  32  32  31  28  28  28  31  31  31  28  30  32  31  31  31  31  32  32
  31  31  32  32  34  34  35  35  35  34  33  32  33  33  32  32  32  32  34  33
  32  32  32  32  32  33  33  32  35  36  35  36  36  38  38  38  38  38  39  38
  38  39  44  48  52  56  58  54  51  53  63  68  74  82  89  91  94  98  97  92
  92  92  92  89  90  95  99 103 113 125 132 137 142 143 142 139 138 138 139 142
 142 139 136 131 125 122 119 113 108 105 100  95  90  86  83  81  78  75  73  72
  73  73  70  67  66  68  67  67  70  71  72  72  72  69  69  69  72  75  79  79
  76  74  73  73  81  84  81  75  70  68  67  67  70  70  69  64  62  67  68  66
  65  62  60  58  58  57  54  50  51  53  53  50  48  48  49  46  45  43  41  40
  41  44  45  45  42  41  41  41  41  41  38  37  37  38  37  36  36  37  37  36
  36  35  35  34  34  34  36  37  37  37  35  35  35  34  35  34  36  36  36  35
  34  34  33  32  33  33  33  32  32  32  31  29  31  31  31  30  31  32  32  29
  30  30  30  30  30  31  30  29  30  31  31  30  30  30  30  30  30  30  30  30
  30  29  31  31  31  31  31  31  29  29  29  29  29  29  30  28  28  29  30  29
  29  31  31  29  28  30  30  29  29  30  30  29  29  30  31  30  31  31  31  28
  29  30  29  29  31  31  30  29  29  29  29  29  29  29  29  29  29  29  28  28
  29  29  29  28  29  29  29  29  30  30  29  29  29  29  29  29  30  29  29  29
  29  29  29  28  29  29  29  28  28  30  30  30  31  31  31  29  29  29  30  29
  29  29  28  28  28  28  28  28  28  28  28  28  28  29  30  29  29  29  29  28
  28  30  31  29  29  29  29  28  29  31  31  28  29  30  30  30  31  31  30  29
  30  30  29  29  30  30  30  29  29  29  29  29  28  28  28  28  29  29  29  29
  29  29  30  28  28  29  28  28  31  31  30  28  31  31  28  28  28  29  29  29
  30  28  28  28  28  29  29  30  30  28  28  28  28  29  31  30  31  29  28  28
  29  31  31  31  31  29  29  29  29  29  29  29  29  29  30  29  28  29  29  28
  29  29  29  28  28  31  31  28  30  31  31  29  29  31  29  29  29  29  29  29
  29  29  29  29
  29  29  30  28  29  32  32  29  28  30  30  29  29  31  31  29  29  30  30  29
  29  31  32  29  29  30  29  28  30  31  31  29  29  30  32  30  30  31  31  30
  30  32  30  27  28  30  30  30  32  31  29  29  31  31  31  31  31  32  28  28
  29  29  30  29  31  32  32  30  30  30  29  29  32  32  32  30  31  31  32  32
  32  32  31  29  30  30  31  30  31  32  32  29  30  30  29  29  30  31  31  28
  31  32  32  32  32  31  31  32  32  32  32  31  32  33  34  34  34  33  33  31
  31  34  35  34  34  32  32  36  36  35  33  32  34  36  37  35  35  34  34  34
  34  38  38  38  39  37  36  34  36  36  36  38  38  40  40  38  38  38  40  40
  43  46  46  45  45  46  46  46  47  47  47  46  48  50  51  49  49  51  51  50
  50  50  51  53  57  59  59  54  54  57  58  59  60  62  62  61  63  64  66  69
  73  75  73  72  75  75  75  72  70  72  75  75  77  78  79  75  74  75  75  73
  76  78  79  77  75  76  77  78  85  89  89  89  89  89  86  86  87  94  99  97
  96  97 100 100 100 100  98  94  94  94  94  92  91  94  95  95  97  98 100 100
 100 100  99  95  93  93  93  95 100 102 103 102  99 101 101  96  96  96  95  93
  95  95  95  92  88  84  81  77  77  77  79  77  77  73  71  67  65  68  68  68
  69  69  68  66  69  70  66  60  59  59  58  54  51  51  53  54  54  55  56  56
  56  61  62  57  56  57  57  52  52  56  56  50  50  51  48  45  47  48  47  46
  48  48  45  42  42  43  43  43  43  43  41  41  44  45  45  43  39  38  38  38
  38  38  38  34  34  34  34  35  34  33  33  34  36  34  32  32  32  32  32  31
  31  32  32  31  31  31  31  28  30  31  31  30  30  30  29  29  31  30  29  28
  29  29  29  29  30  30  29  29  29  29  29  29  30  32  32  31  29  29  30  29
  29  29  31  29  29  31  31  31  30  30  31  29  29  29  30  28  29  30  31  29
  29  30  29  29  31  30  31  29  29  31  31  31  30  29  31  30  28  28  28  28
  28  29  31  28  27  29  29  28  29  31  31  29  29  31  31  30  29  28  29  29
  29  29  29  28  29  29  29  29  29  30  29  28  30  30  30  29  29  29  29  29
  29  29  29  29  29  29  29  29  29  29  28  28  28  29  30  29  29  29  29  28
  29  30  30  29  29  29  29  29  29  29  29  29  29  29  29  28  28  28  28  28
  30  30  30  29
  31  32  32  29  29  30  30  30  30  30  29  28  29  29  30  29  30  30  30  30
  30  31  28  27  29  29  31  30  31  32  32  30  30  31  31  29  28  28  28  28
  29  29  29  29  29  29  29  29  30  30  30  28  28  29  29  29  29  30  30  30
  30  30  31  29  29  30  31  31  32  32  32  32  32  32  32  31  32  32  32  32
  33  32  32  32  32  32  32  32  33  33  33  32  32  32  32  32  34  34  33  32
  32  33  33  34  34  32  32  32  32  32  32  31  32  32  33  34  34  33  32  32
  34  34  32  30  32  36  37  37  38  38  38  37  36  36  36  36  36  36  35  35
  35  35  34  33  36  38  38  38  40  41  41  41  40  41  41  41  41  40  39  38
  43  44  47  48  48  49  49  49  46  43  44  42  45  50  50  48  48  48  48  50
  52  53  50  47  46  44  44  43  46  51  51  47  48  47  46  45  48  49  46  44
  44  45  45  46  49  49  48  44  47  50  50  50  50  51  53  53  57  59  59  56
  57  61  66  68  70  71  71  70  70  70  70  66  64  61  59  57  58  62  63  62
  60  56  54  51  54  57  57  55  55  57  59  59  59  59  58  54  54  57  59  59
  60  62  60  59  61  62  62  62  63  63  62  59  57  57  57  57  57  58  58  54
  57  61  62  60  60  62  62  61  62  64  64  59  59  60  59  57  57  56  56  57
  59  59  59  56  55  54  54  56  57  59  61  61  60  58  57  55  54  54  54  51
  50  51  50  49  50  51  51  51  53  53  53  53  51  51  51  49  49  50  52  50
  50  53  51  50  51  57  61  59  59  59  58  53  53  56  56  54  54  55  54  54
  55  55  55  54  54  54  54  53  53  53  53  53  53  53  53  53  53  53  53  49
  45  45  45  43  45  46  46  44  45  47  46  43  43  43  42  42  43  44  44  44
  44  43  38  36  36  38  38  38  38  40  43  41  41  41  38  36  36  35  34  34
  36  36  36  36  37  38  38  38  38  38  36  34  33  33  34  34  34  34  32  32
  34  33  33  33  33  32  32  31  33  34  34  34  33  34  34  34  34  34  34  34
  34  33  33  32  32  32  31  31  31  30  30  30  32  32  32  32  32  32  32  32
  32  32  32  30  31  32  31  31  31  31  32  30  30  31  31  28  28  28  29  29
  29  31  31  30  30  30  31  29  29  32  32  29  28  30  31  29  29  31  31  29
  29  30  30  29  30  31  30  28  29  30  30  28  28  28  29  29  30  31  31  31
  31  31  31  28
i_gainStatus    =    0   0   0   0   0   0   0   0
i_NumCoinc      =    6   6   6   6   6   6   6   6
i_rawPkHt       =  240 255 168  76  94 142 102  71
i_spare2        =    0   0   0   0   0   0   0   0   0   0   0   0   0   0   0
   0   0   0   0   0   0   0   0   0   0   0   0   0   0   0   0   0   0   0   0
   0   0   0   0   0   0   0   0   0   0   0   0   0   0   0   0   0   0   0   0
   0   0   0   0   0   0   0   0   0   0   0   0   0   0   0   0   0   0   0   0
   0   0   0   0   0   0   0   0   0   0   0   0   0   0   0   0   0   0   0   0
   0   0   0   0   0   0   0   0   0   0   0   0   0