=GLA01
version=v6_0
type=LONG
i_rec_ndx       =    241455492
i_UTCTime       =    118796749      274203
i_gla01_rectype =        2
i_Spare1        =        0
i_filtnum       =    2   2   3   2   2   2   2   2
i_shot_ctr      =      161     162     163     164     165     166     167
     168
i_statflags     =            0           0           0           0           0
           0           0           0
i_gainSet1064   =       25      27      34      39      50      45      31
      23
i_4nsPeakVal    =      100     107      94     145     216     204     164
     101
i_8nsPeakVal    =       91      99      90     132     205     180     146
      94
i_4nsBgMean     =     2915    2922    2924    2923    2928    2920    2917
    2919
i_4nsBgSDev     =       69      78      85      82      90      82      74
      73
i_samp_pad      =        0       0       0       0       0       0       0
       0
i_comp_type     =    0   0   0   0   0   0   0   0
i_rng_wf        =   29  32  32  29  29  30  31  29  29  31  31  28  30  31  31
  28  28  31  32  29  30  31  31  29  29  32  30  29  30  31  31  29  29  30  32
  29  31  31  31  31  28  31  31  29  32  33  32  32  36  39  38  37  40  41  41
  41  44  44  42  42  46  47  47  50  51  53  54  57  63  69  74  76  83  86  89
  95 100 103 103 101  95  86  77  67  61  57  54  49  45  44  41  40  40  38  37
  37  37  36  34  33  33  33  33  33  33  33  33  32  33  34  34  34  34  34  34
  34  34  34  34  34  36  36  36  36  36  36  36  36  37  37  37  37  38  38  38
  39  39  41  40  39  41  40  39  40  43  43  41  39  39  41  42  43  44  44  43
  43  44  44  44  44  44  42  42  41  41  40  40  39  41  42  41  40  38  38  38
  37  37  37  37  35  34  33  32  33  33  33  32  32  33  32  32  31  31  32  32
  31  31  32  31  31  31  31  31  29  30  29  29  29  29  30  30  30  30  29  29
  28  28  29  29  29  28  29  30  29  28  29  30  28  28  30  31  28  28  31  31
  29  29  31  31  29  29  30  30  29  29  31  32  29  29  29  29  29  29  31  31
  30  30  30  30  28  29  31  32  29  29  30  29  29  29  30  30  29  29  29  29
  29  29  30  31  30  29  30  29  28  29  30  31  29  30  30  30  29  29  30  31
  29  29  29  29  29  30  31  31  29  29  29  29  28  29  30  30  29  29  30  29
  29  29  29  29  29  29  29  29  28  29  29  28  28  29  29  29  29  30  29  29
  28  29  29  29  29  29  29  29  29  29  29  29  28  29  29  29  29  30  30  29
  28  29  29  29  29  29  29  29  29  30  30  29  28  28  28  29  28  29  29  29
  29  29  30  29  28  28  28  29  28  28  30  31  29  29  29  29  29  29  30  30
  29  29  29  30  29  29  30  31  29  30  30  30  29  29  30  29  29  29  29  30
  30  30  28  28  28  29  29  29  29  29  29  29  28  28  29  29  28  28  29  29
  29  29  30  31  29  29  29  29  28  29  30  30  29  29  29  29  28  29  29  29
  29  30  31  29  28  28  29  29  29  29  30  30  28  29  30  29  29  29  29  29
  29  29  28  28  28  29  29  29  29  29  29  30  29  29  29  29  28  29  30  30
  28  28  29  31  29  31  32  31  29  29  30  30  29  30  31  29  29  29  29  30
  29  30  30  30  30  29  29  29  29  29  29  29  28  29  30  30  28  28  30  30
  30  30  30  30  29  29  30  30  30
  30  30  30  30  31  31  31  28  30  32  31  29  30  32  32  30  31  30  29  29
  31  31  31  29  30  30  29  28  30  31  31  30  31  32  29  28  29  32  33  30
  31  31  30  30  32  32  33  34  36  36  36  36  40  44  49  50  60  73  86  96
 104 113 113 108 103 101  97  93  94  95  94  89  83  78  74  66  62  61  58  54
  51  49  47  44  43  43  41  38  37  35  34  34  34  34  34  34  34  34  34  34
  34  33  33  32  34  34  34  34  34  34  34  34  34  36  36  34  34  35  35  34
  36  38  38  37  38  39  38  38  38  39  41  41  41  43  43  41  41  41  41  41
  43  44  43  44  46  46  44  43  43  42  42  40  44  44  43  43  43  43  42  42
  44  43  42  40  41  41  40  38  38  37  37  37  37  37  36  34  35  34  33  33
  32  32  33  31  32  32  32  31  31  31  30  29  29  29  29  29  30  30  30  28
  29  29  29  29  29  29  29  29  29  29  29  29  29  29  29  29  29  29  29  28
  28  29  29  29  29  29  29  29  28  29  30  29  29  29  29  28  29  30  29  29
  29  29  29  29  30  30  31  29  29  29  29  29  29  29  29  29  30  29  29  28
  28  29  30  30  30  30  30  28  29  30  31  30  31  31  31  30  29  30  31  29
  29  29  31  29  29  30  31  29  29  30  30  29  29  30  31  28  28  30  32  30
  29  31  31  29  29  30  31  29  29  30  30  29  29  30  30  29  29  29  29  29
  29  29  30  29  29  29  29  29  29  29  30  29  29  29  29  29  29  29  30  29
  29  29  30  28  29  30  30  28  28  30  30  29  29  30  30  29  30  31  32  29
  28  30  31  30  30  30  31  29  29  30  31  30  29  31  31  28  29  30  31  29
  29  31  30  28  29  30  30  29  31  31  31  28  29  30  30  30  31  30  29  29
  28  28  29  28  28  29  30  28  28  30  30  28  28  30  30  28  29  31  30  29
  29  30  30  29  29  28  29  29  29  29  29  29  29  29  29  28  28  30  30  28
  29  29  30  29  29  31  31  29  30  30  30  29  29  30  29  27  28  29  29  29
  29  30  30  30  31  29  29  29  29  29  29  29  29  29  29  28  28  29  29  29
  29  30  30  28  29  30  31  29  30  31  30  30  30  32  32  29  29  29  29  29
  29  30  31  29  29  29  29  29  30  30  30  29  29  29  28  28  28  28  28  28
  28  28  28  28  29  29  29  29  29  29  29  28  28  29  32  29  29  29  29  29
  29  30  30  28
  28  28  28  28  29  29  29  28  31  32  32  30  31  31  30  28  29  30  30  28
  30  31  30  30  31  30  29  29  31  30  30  31  31  32  31  31  31  32  32  30
  31  31  32  31  32  32  30  30  30  30  31  32  32  32  32  32  32  34  34  34
  34  34  37  36  36  38  44  48  53  59  63  66  70  75  81  81  83  90  95  95
  95  97  96  89  89  91  90  85  85  86  86  86  89  89  87  89  89  92  92  89
  87  83  77  72  66  59  53  48  47  45  42  39  39  40  40  38  38  38  38  38
  38  38  36  36  37  37  38  38  39  41  41  39  39  40  38  39  40  38  39  38
  38  40  40  40  41  41  42  42  44  44  41  39  41  43  45  45  45  45  43  41
  41  41  43  42  43  43  43  43  42  42  41  41  42  43  41  40  40  40  40  40
  42  44  42  38  38  38  38  37  38  39  37  37  35  35  34  33  33  33  34  33
  34  33  34  32  32  32  31  30  29  29  31  29  30  32  31  30  30  30  30  29
  29  29  29  29  30  30  30  29  29  30  30  30  30  29  29  28  29  30  29  29
  28  29  30  29  29  29  29  28  29  30  30  30  30  30  29  29  29  29  29  28
  29  29  28  28  28  29  29  29  29  29  29  29  30  31  31  28  28  29  29  29
  30  30  31  29  29  29  29  30  28  29  31  29  29  29  29  28  28  28  30  29
  29  29  29  28  29  30  31  29  29  30  29  29  29  29  29  29  29  29  29  29
  29  29  29  29  29  29  29  29  29  29  31  29  29  30  31  30  29  30  30  28
  29  30  30  28  29  31  30  30  31  31  30  29  29  29  29  27  29  29  29  29
  28  28  29  29  29  29  29  28  28  29  30  29  29  30  31  30  29  30  31  30
  30  31  31  28  27  31  32  28  29  31  31  28  29  31  32  29  29  31  31  29
  29  29  30  29  29  30  30  29  29  29  30  28  28  29  29  28  28  30  31  29
  29  31  31  31  31  31  31  29  29  29  29  29  29  29  29  29  29  29  29  29
  29  29  28  28  28  29  29  29  29  29  29  28  29  30  30  29  29  29  29  29
  29  29  30  30  29  29  29  29  29  29  29  29  29  29  30  28  28  29  30  29
  28  29  30  28  29  31  31  29  29  29  30  29  29  30  31  29  30  30  31  28
  28  31  31  28  28  29  29  28  28  31  31  29  30  30  30  29  29  31  30  29
  30  30  30  28  30  31  29  28  28  29  29  29  29  28  29  29  30  30  31  31
  30  30  30  28
  29  29  32  32  32  32  32  31  29  29  31  30  31  31  31  31  32  30  30  30
  29  29  30  31  31  32  31  31  32  32  32  32  32  32  33  31  31  32  31  31
  30  32  33  33  33  32  32  32  36  36  36  37  40  41  41  44  48  51  59  63
  70  83  95 102 110 121 132 139 147 151 151 143 137 133 123 113 105 100  90  83
  79  76  73  65  63  65  68  68  67  67  65  59  58  59  58  51  50  49  48  48
  48  48  46  45  45  43  42  41  43  43  40  39  39  38  37  37  39  41  41  40
  39  40  41  40  40  40  40  40  43  43  44  43  43  42  41  41  41  43  44  44
  44  45  44  43  44  44  46  44  44  46  44  44  45  46  44  42  43  44  44  44
  44  44  43  41  41  41  42  42  42  41  40  39  39  38  36  36  36  36  36  33
  34  37  36  36  34  34  34  34  36  36  36  34  33  32  32  32  33  33  32  31
  31  31  32  30  31  32  31  28  28  28  29  29  29  30  32  30  29  30  31  29
  28  30  31  29  29  29  30  28  28  31  31  29  29  31  32  29  29  31  32  29
  29  30  30  29  29  31  31  29  29  29  29  29  29  30  30  29  29  29  29  29
  29  29  29  28  28  29  29  28  29  30  30  28  28  28  29  29  29  29  29  29
  29  29  29  29  29  29  30  29  29  29  30  30  29  29  30  28  29  29  29  28
  29  30  30  29  29  28  28  28  29  29  29  29  30  30  29  29  29  29  29  29
  29  29  29  28  29  29  29  29  28  29  29  29  29  29  29  29  29  29  29  28
  29  29  29  28  28  28  29  28  29  30  30  29  28  29  30  28  29  30  30  28
  28  31  32  29  29  30  30  29  29  31  31  28  28  30  30  29  29  30  30  29
  30  31  30  28  29  29  30  29  29  30  29  29  30  30  30  29  29  29  29  30
  30  29  29  29  29  29  29  28  29  29  29  28  28  29  29  29  30  30  31  28
  28  29  29  29  29  29  31  29  29  29  30  30  30  31  31  28  28  29  29  28
  28  31  32  29  29  31  31  29  29  29  30  29  29  29  29  29  29  30  30  29
  29  29  30  28  28  29  29  29  29  30  30  29  28  30  31  28  29  30  30  29
  29  30  30  29  29  29  29  29  29  29  31  29  29  29  28  28  28  28  30  28
  28  28  28  28  29  30  30  29  29  29  29  29  29  29  29  29  29  29  29  29
  29  29  30  28  29  29  29  29  29  30  30  29  29  29  29  29  29  29  30  29
  29  29  28  28
  32  32  32  31  32  32  32  31  32  33  32  31  30  30  29  29  31  30  29  32
  32  32  32  31  31  29  29  31  32  32  32  31  31  32  32  31  32  31  32  32
  32  32  32  32  33  35  36  34  34  36  36  32  34  38  40  42  44  48  49  50
  59  75  86  95 111 128 145 160 183 204 221 221 219 216 214 211 211 205 198 189
 182 178 172 161 151 142 135 128 119 112 108  98  90  87  79  70  65  63  62  54
  54  54  53  48  48  48  46  45  46  48  48  46  46  44  42  42  42  42  42  41
  41  41  41  40  40  41  41  41  42  42  41  40  40  40  40  38  38  38  39  40
  40  40  40  38  37  37  37  36  37  37  36  36  36  35  33  33  33  33  34  33
  34  34  34  35  35  34  34  32  32  32  32  32  33  33  34  32  31  32  31  31
  32  30  31  29  29  32  32  31  30  30  30  29  29  31  31  28  30  30  29  28
  29  31  29  29  29  29  29  29  30  31  30  30  30  29  29  29  29  29  29  28
  28  29  29  28  28  28  29  29  29  29  31  29  30  30  30  30  29  29  29  29
  29  29  29  28  29  29  29  29  30  30  29  29  29  29  31  29  30  32  30  30
  31  31  31  28  28  28  29  30  30  30  31  30  29  29  29  30  30  30  31  30
  29  29  29  29  28  29  30  28  29  29  30  28  29  30  30  29  29  30  30  29
  29  30  31  28  28  29  29  28  29  30  30  29  30  31  31  30  30  30  29  29
  29  29  29  29  29  29  29  28  29  31  29  29  29  29  29  29  29  29  28  28
  29  29  29  29  29  29  29  29  29  29  30  28  29  29  29  28  28  29  29  29
  29  29  28  27  27  28  29  29  29  29  29  29  29  29  30  29  29  29  29  29
  29  29  29  28  28  29  29  29  29  29  29  28  29  30  29  28  28  28  30  29
  28  28  28  28  30  30  30  28  28  29  29  28  29  29  29  29  29  30  29  29
  29  29  29  29  29  29  29  29  29  29  29  28  29  29  29  28  30  30  30  29
  28  29  29  29  29  29  30  29  29  30  29  29  29  29  31  29  29  29  29  28
  29  31  31  29  29  29  29  29  29  29  31  30  30  31  30  30  29  30  30  28
  28  29  29  28  30  30  31  29  29  30  29  29  29  29  30  29  28  28  28  29
  30  30  31  31  31  30  29  28  29  29  29  28  29  29  29  29  30  31  31  30
  30  30  29  28  28  29  29  28  29  29  29  29  29  28  29  29  29  29  29  29
  29  29  30  28
  30  32  32  30  31  31  31  30  30  31  32  30  31  32  31  30  30  31  30  30
  32  32  32  30  31  31  30  30  30  30  30  30  31  32  29  29  31  30  30  32
  33  33  32  31  33  33  34  32  34  35  36  41  44  46  50  54  65  81  98 114
 137 158 175 189 204 213 213 205 195 180 163 139 123 111 100  89  81  79  75  72
  72  73  75  75  75  72  68  65  65  67  67  65  64  61  57  56  56  55  55  54
  53  51  50  48  46  45  44  43  44  44  44  44  43  43  43  41  42  42  43  43
  43  44  44  44  44  44  44  44  44  44  41  41  44  44  44  43  42  43  43  41
  41  42  43  42  43  43  41  42  42  42  41  41  42  42  41  38  38  38  38  38
  38  39  40  40  39  38  40  40  41  41  39  35  34  34  34  34  34  36  34  33
  33  32  32  33  32  32  32  32  33  34  34  32  32  32  31  31  32  32  32  32
  32  32  32  29  29  32  32  31  31  32  30  30  32  30  30  29  32  32  32  30
  30  30  29  29  30  30  29  29  30  30  30  30  31  32  31  28  28  29  29  29
  30  31  29  29  29  29  29  29  29  29  30  29  30  30  28  28  28  29  29  28
  28  28  28  28  28  30  32  29  29  29  29  28  29  31  31  28  29  30  30  30
  31  31  31  29  29  30  30  29  28  29  29  29  29  29  28  28  28  28  29  29
  29  29  28  28  29  29  29  28  28  28  29  29  29  29  29  28  29  30  29  28
  28  30  31  29  30  30  29  29  29  30  30  29  30  29  29  28  28  29  29  29
  29  29  29  28  28  31  32  28  28  29  30  29  29  31  31  29  30  31  31  29
  29  30  31  29  29  29  29  29  29  29  30  30  30  30  30  30  29  29  30  28
  29  29  30  28  28  31  31  29  28  29  30  29  29  31  31  28  28  30  31  29
  29  31  31  29  29  29  31  29  29  30  31  29  29  30  30  28  28  30  30  29
  31  31  30  29  29  30  30  28  29  29  29  29  30  31  29  29  29  29  29  29
  29  29  29  28  29  29  29  29  29  29  28  28  30  30  30  30  30  30  30  30
  30  30  29  28  28  29  29  29  29  29  29  29  29  29  29  28  30  30  29  28
  28  29  29  29  29  29  29  29  30  30  30  28  29  30  29  28  28  29  29  29
  30  30  30  29  29  29  30  29  29  29  29  29  29  30  30  28  29  29  29  29
  29  30  31  29  29  29  29  29  29  29  29  29  29  29  29  29  30  30  30  28
  29  30  29  28
  31  32  32  31  30  31  31  28  30  30  29  29  29  31  31  29  30  32  30  28
  30  31  30  29  30  30  29  29  29  29  29  28  29  29  29  28  30  32  30  30
  32  32  31  29  32  33  34  33  33  34  37  41  46  54  61  69  83 100 118 134
 151 165 170 168 168 162 151 139 126 119 109  99  94  87  80  73  68  67  64  62
  62  62  61  56  54  54  51  49  48  48  47  43  41  40  40  38  38  38  38  38
  38  40  38  38  38  36  36  36  36  36  36  36  36  36  36  35  35  36  36  36
  37  37  37  36  36  36  36  34  35  35  35  34  34  34  34  34  34  34  34  34
  32  32  32  32  33  34  34  34  34  34  33  33  33  33  33  32  32  32  32  32
  32  31  31  31  32  31  31  31  32  32  32  31  31  32  32  32  32  31  32  31
  30  31  31  30  30  30  31  31  31  31  31  28  29  29  29  29  29  29  29  29
  29  29  30  29  29  29  29  29  29  29  29  28  28  28  28  28  29  30  30  30
  30  30  31  29  29  29  29  29  29  29  30  30  29  29  28  28  29  29  30  28
  29  29  29  29  29  29  29  29  29  29  29  29  29  29  29  29  29  29  29  28
  28  30  30  28  30  31  30  29  28  30  30  29  29  29  29  29  29  30  30  30
  30  31  31  30  30  30  30  28  29  31  31  31  31  31  29  29  29  29  30  29
  29  29  29  29  29  29  30  29  29  29  29  28  29  29  29  29  29  30  31  30
  30  28  28  28  29  30  29  29  30  30  30  28  28  29  29  29  30  30  30  31
  29  28  28  28  29  29  29  28  29  29  29  28  28  28  29  29  29  29  29  28
  29  29  29  28  29  30  30  28  30  30  30  29  30  31  30  30  30  29  29  29
  29  29  29  29  29  29  29  29  29  29  29  29  29  29  29  29  29  29  29  29
  29  29  29  29  29  29  28  28  29  29  29  29  29  29  29  29  29  29  29  29
  29  29  29  29  29  29  29  29  29  30  30  28  29  29  29  29  29  30  29  29
  29  29  29  29  29  29  29  28  29  29  29  29  29  29  28  28  29  29  29  29
  29  29  29  29  30  29  29  28  28  29  29  29  29  29  29  29  29  29  30  29
  29  29  29  29  29  29  29  28  29  29  30  29  29  30  30  29  29  29  29  29
  30  30  30  29  30  30  29  29  29  29  29  29  29  29  29  29  29  29  29  29
  29  29  29  29  29  29  29  28  29  29  29  29  29  29  29  29  29  29  29  29
  29  29  29  29
  30  31  31  28  30  31  29  29  29  31  31  28  30  32  32  29  31  31  30  29
  30  31  29  29  31  30  30  28  32  32  31  31  31  31  29  30  31  29  29  29
  31  31  32  31  30  33  32  28  32  36  38  37  43  48  48  54  61  70  78  85
  90  94 100 102 103 103 101  95  93  90  86  79  75  70  66  59  54  53  51  50
  49  49  48  45  44  43  41  40  41  43  43  41  40  41  40  38  39  39  38  37
  38  39  37  37  38  38  38  38  38  38  37  36  38  38  38  37  37  37  37  38
  38  38  38  37  37  37  36  36  36  37  37  37  37  37  36  35  35  35  35  34
  34  34  34  34  34  34  34  34  34  34  33  32  32  32  32  32  32  31  31  31
  32  32  32  31  31  32  32  31  31  31  32  28  29  32  32  29  30  31  31  29
  29  31  31  29  30  31  30  28  28  30  30  29  30  30  29  29  29  30  29  29
  29  29  29  29  29  29  29  29  29  29  29  29  28  29  29  28  29  30  30  28
  29  31  31  29  29  29  29  29  29  29  29  29  29  29  29  29  29  29  30  29
  29  29  29  28  28  29  29  29  29  30  31  30  29  30  31  29  29  29  29  29
  29  30  30  30  30  29  29  29  29  29  29  29  29  29  29  29  29  29  30  30
  30  30  30  30  29  29  29  28  29  29  29  29  29  30  30  30  29  29  29  29
  29  29  30  29  29  29  30  29  28  29  30  28  29  30  31  28  28  31  31  29
  29  30  30  29  30  31  31  28  28  28  28  29  29  30  30  29  29  29  29  29
  28  29  29  29  29  30  31  28  28  30  31  28  29  30  30  29  29  31  31  29
  29  29  29  29  29  30  30  29  29  28  28  28  29  29  29  28  29  29  30  30
  30  31  31  28  29  29  29  28  30  31  30  29  29  30  29  29  30  30  30  29
  29  29  29  30  30  30  29  28  29  29  29  28  28  29  30  29  29  29  29  29
  29  30  30  29  30  30  29  28  28  29  30  29  29  28  29  29  29  29  29  29
  29  29  29  28  28  29  31  30  31  32  31  29  28  30  30  29  29  30  30  29
  29  30  31  29  29  29  29  29  29  30  30  29  29  29  29  28  28  30  30  29
  30  30  30  29  28  28  29  29  29  29  31  31  29  29  31  29  29  29  30  30
  29  30  30  28  28  29  31  28  28  31  31  29  29  30  30  29  29  30  30  29
  29  31  31  30  30  30  30  29  29  30  30  29  30  30  29  29  29  29  29  29
  29  29  29  28
i_gainStatus    =    0   0   0   0   0   0   0   0
i_NumCoinc      =    6   6   6   6   6   6   6   6
i_rawPkHt       =  103 113  97 151 221 213 170 103
i_spare2        =    0   0   0   0   0   0   0   0   0   0   0   0   0   0   0
   0   0   0   0   0   0   0   0   0   0   0   0   0   0   0   0   0   0   0   0
   0   0   0   0   0   0   0   0   0   0   0   0   0   0   0   0   0   0   0   0
   0   0   0   0   0   0   0   0   0   0   0   0   0   0   0   0   0   0   0   0
   0   0   0   0   0   0   0   0   0   0   0   0   0   0   0   0   0   0   0   0
   0   0   0   0   0   0   0   0   0   0   0   0   0