=GLA01
version=v6_0
type=LONG
i_rec_ndx       =    241455492
i_UTCTime       =    118796749      274203
i_gla01_rectype =        2
i_Spare1        =        0
i_filtnum       =    3   3   2   2   1   1   1   2
i_shot_ctr      =      177     178     179     180     181     182     183
     184
i_statflags     =            0           0           0           0           0
           0           0           0
i_gainSet1064   =       23      24      35      50      40      26      19
      17
i_4nsPeakVal    =       83      86     167     250     220     163     103
      79
i_8nsPeakVal    =       80      83     152     231     188     141      92
      71
i_4nsBgMean     =     2919    2916    2916    2928    2924    2917    2923
    2918
i_4nsBgSDev     =       78      70      76      86      85      77      77
      67
i_samp_pad      =        0       0       0       0       0       0       0
       0
i_comp_type     =    0   0   0   0   0   0   0   0
i_rng_wf        =   28  29  29  29  30  30  30  28  31  32  32  28  30  32  29
  29  30  32  32  29  31  31  28  27  30  31  30  29  31  32  29  29  30  29  29
  29  31  32  31  30  30  29  29  28  29  29  29  29  31  32  29  29  31  31  31
  31  32  32  32  31  33  35  37  38  41  49  53  54  59  66  70  74  83  86  86
  83  82  83  83  80  78  77  75  72  71  71  69  67  67  67  67  65  64  64  64
  62  62  64  64  60  58  57  57  53  53  51  51  50  50  49  47  46  44  43  40
  38  38  37  36  34  36  36  36  35  35  35  34  34  34  34  34  34  35  35  35
  35  35  34  34  33  33  34  34  34  34  34  34  34  34  34  34  33  34  34  34
  32  33  35  34  34  33  32  34  34  34  32  32  32  33  34  32  32  32  34  33
  33  33  33  34  33  33  33  32  32  32  32  33  32  32  32  31  31  31  33  33
  29  30  32  32  29  29  31  32  29  29  31  31  29  29  31  32  29  29  31  32
  28  28  31  31  28  29  31  31  29  29  31  32  29  30  31  31  29  29  30  30
  29  29  28  29  29  29  29  31  31  29  29  29  29  29  29  30  28  28  29  29
  29  28  30  31  29  29  29  29  29  29  31  31  29  29  29  28  28  28  31  32
  29  29  29  29  29  29  31  31  29  28  28  28  28  29  30  30  29  29  30  29
  28  28  28  29  29  29  30  31  31  30  30  30  28  29  29  29  29  29  29  29
  29  29  29  29  29  29  28  29  29  29  29  28  28  29  29  29  28  28  29  29
  29  29  30  30  29  29  29  29  28  29  29  29  29  29  30  30  30  29  29  31
  29  29  29  30  29  29  30  31  28  28  29  29  28  29  30  30  29  29  30  29
  29  29  28  29  28  28  28  28  28  29  29  29  29  29  29  29  28  29  29  29
  28  29  29  29  29  28  28  29  29  29  29  29  28  29  29  30  30  30  30  30
  29  29  29  30  29  29  29  29  29  29  29  30  29  29  29  30  30  30  30  31
  30  30  30  29  28  28  29  31  29  29  29  29  29  29  30  31  29  29  29  29
  29  29  29  30  29  29  29  29  29  29  29  31  29  29  29  29  29  29  29  30
  29  29  30  29  28  28  30  30  29  29  30  29  29  29  29  29  29  29  29  29
  29  29  29  30  29  29  29  29  28  29  29  29  28  28  29  29  29  30  30  31
  29  29  29  29  29  29  29  30  29  29  29  29  28  28  29  29  29  29  30  30
  28  29  30  31  28  29  31  29  28
  30  30  30  28  29  31  31  30  31  32  32  29  29  32  32  29  30  31  30  29
  29  31  31  28  30  30  29  28  31  31  31  29  30  31  29  30  32  29  29  29
  32  32  32  32  32  34  34  34  35  36  37  37  38  41  41  40  40  45  47  44
  46  48  48  47  52  56  57  57  60  64  67  68  70  72  77  77  80  83  85  83
  83  87  89  86  85  85  79  75  76  78  78  73  69  65  59  52  50  47  45  41
  41  41  41  41  40  37  36  35  37  37  37  35  35  35  35  35  35  35  35  35
  35  35  36  36  37  37  36  35  35  35  35  35  38  38  37  35  36  36  37  37
  36  36  36  36  38  38  36  36  36  36  35  34  34  36  36  35  34  34  36  36
  36  35  35  35  34  33  32  32  34  34  34  32  32  33  34  30  30  31  31  29
  29  30  30  29  30  31  31  29  29  29  31  29  29  29  29  29  29  30  30  29
  29  30  30  30  30  30  30  29  30  30  30  30  29  29  29  30  30  28  28  28
  29  29  29  28  28  29  29  29  29  29  29  29  29  30  31  31  30  30  30  29
  29  29  30  29  29  30  29  29  29  30  31  28  28  29  30  28  29  31  31  29
  28  30  29  29  30  30  30  29  29  30  30  30  30  31  31  30  30  30  30  30
  30  30  30  29  29  29  29  28  29  29  29  29  29  29  29  29  29  28  28  28
  29  29  29  28  29  29  29  29  29  29  29  30  30  29  29  29  29  29  29  29
  29  29  29  28  28  29  29  28  28  30  31  29  29  30  30  28  30  31  31  29
  29  30  29  29  29  29  29  29  29  29  29  29  29  29  29  29  29  29  29  30
  31  29  29  29  29  29  29  28  29  29  29  29  29  29  29  29  29  29  29  29
  29  29  29  28  29  29  29  29  29  29  29  29  29  29  29  29  29  29  29  28
  29  29  28  28  28  29  29  29  30  29  29  29  29  29  30  29  29  29  29  28
  28  29  31  28  28  30  31  29  28  30  31  28  29  31  31  28  28  30  30  29
  29  31  32  29  29  30  30  29  30  30  30  29  28  29  29  29  30  30  30  29
  29  30  30  29  29  29  29  29  29  29  29  29  29  29  29  29  29  29  29  28
  29  29  29  29  29  30  29  28  28  28  29  29  29  29  30  28  29  29  29  29
  29  30  30  30  30  29  29  28  29  29  29  29  29  29  29  29  29  29  28  28
  30  30  29  28  28  29  29  29  29  29  29  29  29  29  29  29  29  29  29  29
  29  29  29  28
  31  32  32  31  31  31  31  31  32  32  30  29  31  32  32  32  33  33  32  30
  31  29  30  32  31  31  31  31  31  29  31  31  32  32  32  31  30  31  31  31
  32  31  31  29  34  34  33  33  34  35  37  38  38  38  40  40  46  50  51  51
  56  62  66  66  70  80  89  97 110 123 132 136 142 151 160 166 174 175 169 154
 139 130 120 108  98  93  86  75  67  62  57  50  47  47  47  45  45  46  44  40
  39  39  39  37  39  40  38  38  38  39  38  37  39  40  38  37  38  39  41  41
  41  40  39  39  39  38  38  39  39  40  39  38  40  42  42  42  43  42  41  40
  42  44  44  45  46  47  44  43  44  41  41  41  41  42  42  40  41  43  43  41
  39  39  38  37  38  38  38  36  36  36  35  34  35  35  35  34  34  34  33  32
  32  32  32  29  30  31  31  30  31  31  31  30  31  32  32  31  31  31  31  30
  30  31  31  29  29  30  30  29  29  29  30  29  30  32  32  29  27  29  31  29
  29  30  30  29  29  31  31  29  29  30  30  29  29  30  31  27  29  30  29  29
  29  31  30  29  29  29  29  29  29  29  29  29  29  30  30  30  30  30  30  28
  28  29  30  28  28  30  31  29  29  31  31  29  29  30  30  29  29  30  30  29
  29  29  30  28  29  31  31  30  30  31  30  28  28  29  29  29  29  30  31  29
  29  30  30  30  30  31  31  29  29  29  29  29  29  30  31  29  30  30  30  29
  29  29  29  29  29  30  30  30  30  30  30  29  29  29  29  29  29  29  29  29
  29  29  29  28  28  29  29  29  29  29  29  29  29  29  29  29  29  29  29  29
  29  29  29  28  29  29  29  29  30  30  30  29  29  29  28  28  28  29  29  29
  29  29  29  30  29  29  29  29  29  29  29  28  28  29  28  28  29  29  29  29
  28  28  28  28  29  29  28  28  28  29  29  29  29  29  29  29  29  29  29  29
  29  29  29  28  29  30  31  30  31  31  29  29  29  29  29  29  29  29  29  29
  29  29  30  29  29  29  29  28  29  29  29  29  29  29  29  29  29  29  29  29
  29  29  29  29  29  29  29  29  29  29  29  28  28  28  30  29  30  30  31  30
  29  30  28  28  29  29  30  29  28  28  28  28  30  30  30  29  29  29  29  29
  29  29  29  29  29  30  31  29  29  30  30  28  29  30  29  29  29  30  30  29
  29  29  30  29  30  30  30  30  30  30  29  29  29  29  29  28  28  29  29  29
  29  29  30  29
  32  29  31  31  31  29  31  32  33  34  31  31  31  29  29  29  31  32  32  31
  31  31  32  32  32  32  32  32  33  32  31  32  32  33  32  31  32  32  33  32
  32  32  32  32  33  33  33  34  35  34  34  36  39  42  44  44  47  54  56  61
  79  98 105 106 132 181 217 226 236 246 253 254 253 248 243 241 228 196 162 129
 102  85  75  64  62  60  56  52  51  51  46  44  44  44  44  41  38  39  40  38
  38  38  39  41  42  43  40  39  41  41  41  41  42  42  42  42  43  44  43  41
  41  42  41  41  44  44  44  43  44  46  46  47  48  47  46  46  48  50  50  50
  50  50  50  48  48  48  50  50  53  53  49  48  48  48  48  48  49  50  51  49
  49  49  48  47  48  48  46  43  43  43  41  38  41  41  41  42  41  40  40  37
  37  37  37  36  34  34  33  33  33  32  31  31  32  32  32  30  32  32  32  31
  31  31  29  29  30  30  29  29  30  29  29  29  29  28  29  30  30  29  28  28
  29  29  29  28  28  29  29  28  29  29  30  30  31  31  31  31  30  28  28  28
  29  29  29  28  28  28  28  28  28  29  29  29  30  29  29  29  29  30  30  29
  29  29  30  30  29  29  29  29  29  29  30  29  29  30  30  28  29  29  30  29
  29  30  29  29  29  29  29  29  29  29  29  29  29  29  29  28  28  29  29  28
  29  29  30  30  31  31  30  28  29  30  30  28  28  29  29  29  30  30  30  30
  30  30  29  28  29  29  29  28  28  29  29  29  29  29  29  29  29  29  29  28
  28  28  28  28  29  29  29  28  28  28  29  28  28  30  31  29  29  29  29  28
  28  31  31  29  29  29  29  29  29  31  31  29  29  29  29  28  29  30  29  29
  29  29  29  29  28  28  28  28  29  29  29  28  28  31  31  30  30  30  30  29
  30  31  31  29  29  29  29  29  29  29  29  29  29  29  29  29  29  29  29  28
  28  28  29  28  28  29  29  28  29  30  30  28  28  30  31  29  30  30  29  27
  27  28  29  29  29  28  28  28  28  29  31  30  29  29  29  29  29  30  30  28
  29  29  29  29  29  30  30  29  30  31  31  29  30  30  29  29  29  29  29  29
  29  29  29  28  29  30  29  28  28  29  29  29  29  29  29  29  29  29  29  29
  29  29  29  29  30  30  29  28  29  29  29  29  29  29  29  28  29  29  29  29
  29  30  30  30  30  30  30  28  28  30  30  27  27  29  30  29  29  31  29  27
  28  31  31  29
  29  29  30  31  32  31  31  31  32  32  31  31  32  32  32  31  31  30  28  28
  31  32  32  32  32  32  32  31  32  32  32  32  32  32  32  32  32  32  32  32
  34  34  34  32  34  36  34  34  35  36  37  37  38  36  35  36  41  43  46  46
  46  50  53  57  60  61  64  67  75  81  87  95 102 110 122 136 154 170 188 210
 227 234 234 217 188 155 123  97  80  69  61  53  50  47  44  43  42  42  41  38
  38  38  37  36  38  38  37  36  36  37  37  37  38  36  36  36  36  38  39  38
  34  34  36  36  37  37  37  37  37  36  35  35  37  40  38  38  38  38  38  37
  38  38  38  39  40  40  38  36  38  40  43  43  43  42  40  38  38  43  44  41
  41  43  43  41  44  48  48  44  45  47  45  45  47  47  46  44  44  44  44  45
  44  44  45  45  45  43  42  40  41  41  41  39  37  36  36  34  34  34  33  32
  32  32  32  32  33  32  31  31  32  32  33  31  31  32  31  31  31  30  30  29
  29  29  29  28  29  29  29  29  29  30  30  30  31  32  31  28  29  29  29  29
  30  31  32  29  29  29  30  29  30  30  31  29  29  30  29  28  28  29  30  29
  29  29  29  29  29  31  31  31  30  30  31  28  28  29  31  30  30  31  30  28
  28  30  31  29  29  29  29  29  29  31  31  29  29  29  29  27  28  28  29  28
  28  28  28  29  29  30  31  28  28  29  29  29  30  30  30  29  29  29  29  29
  29  29  29  29  29  29  29  29  29  29  29  28  29  30  29  28  28  31  32  28
  28  30  31  29  30  31  31  29  29  30  30  30  30  30  31  29  29  28  28  28
  28  28  29  28  29  29  29  28  28  29  30  29  29  30  31  29  29  29  30  28
  29  30  30  29  29  30  30  29  29  29  29  28  29  29  30  30  29  28  29  29
  29  29  29  28  28  29  29  29  29  29  29  28  29  30  30  29  30  30  31  29
  29  29  29  29  29  29  31  29  29  30  29  29  29  29  30  29  29  29  29  28
  29  30  31  29  29  30  30  30  30  31  31  28  28  29  29  29  30  31  31  30
  30  31  31  28  28  29  29  29  29  31  31  29  29  29  29  28  29  30  29  29
  28  28  28  28  29  28  28  28  29  29  29  28  28  29  29  29  28  28  29  28
  28  30  31  30  29  30  30  28  29  30  30  29  29  30  29  28  29  29  29  29
  29  28  29  29  29  30  29  29  29  29  29  28  28  29  30  28  29  29  30  29
  30  31  30  29
  32  32  32  30  31  31  31  28  30  31  29  28  28  30  31  29  31  31  31  31
  31  31  29  28  28  30  31  31  31  31  31  31  31  32  32  32  33  33  33  32
  31  31  32  32  34  36  35  35  36  36  34  33  38  38  37  37  39  44  46  50
  56  61  69  76  85  95 109 126 143 154 163 168 171 168 154 132 111  94  78  64
  57  53  45  41  39  38  38  37  36  34  34  33  33  33  32  32  33  34  34  33
  32  30  32  32  32  32  32  32  32  33  32  32  33  33  33  33  34  34  34  33
  33  33  34  34  34  34  34  33  34  34  34  35  35  36  36  34  35  36  36  36
  36  38  38  38  38  38  37  37  38  39  40  39  39  39  39  40  40  41  41  40
  41  41  40  38  40  40  40  40  40  40  40  39  38  37  36  34  34  34  34  32
  32  32  32  32  32  32  31  30  32  32  32  32  32  32  32  29  30  32  32  29
  30  30  29  29  29  30  31  29  29  29  29  29  29  29  30  29  29  29  29  28
  28  29  32  29  29  31  31  29  29  30  31  29  29  30  30  29  29  30  31  29
  29  29  29  29  29  30  30  28  28  29  29  29  29  30  30  29  29  29  29  29
  29  29  29  29  29  29  29  29  29  29  30  28  28  29  29  29  29  29  30  29
  29  29  29  28  29  29  30  29  30  32  31  30  31  31  31  29  29  30  29  29
  29  29  30  29  29  29  29  29  30  30  31  29  29  29  29  28  29  30  30  28
  29  30  29  29  29  29  29  29  29  29  29  28  28  29  29  29  29  29  29  29
  29  29  29  28  30  31  29  28  28  29  29  29  30  30  31  30  30  29  29  29
  28  29  30  30  29  29  31  28  28  29  30  29  28  30  31  29  29  30  31  28
  27  30  32  29  29  31  31  29  29  31  31  29  29  30  30  29  29  30  30  29
  30  30  30  29  30  30  30  30  30  29  29  29  29  29  29  28  29  29  29  30
  30  30  32  30  30  29  29  28  28  29  31  29  29  29  29  29  29  30  31  29
  29  29  29  29  29  30  30  29  29  29  29  29  29  29  31  30  29  29  29  29
  29  29  30  29  29  29  28  29  29  29  30  29  29  29  29  28  28  30  31  29
  29  29  29  28  28  29  30  28  29  30  29  28  28  30  30  29  30  30  30  28
  28  28  29  29  29  29  29  29  29  29  30  28  29  29  29  28  29  30  31  29
  29  29  29  29  29  30  31  29  29  30  29  29  30  30  30  28  28  28  28  29
  29  29  30  30
  29  29  29  29  29  31  31  31  32  32  32  28  29  32  32  30  31  31  30  29
  29  31  32  30  30  30  30  29  31  31  31  32  32  32  32  32  32  32  32  31
  34  36  34  34  36  36  38  41  47  49  53  60  72  82  92  98 102 108 108 104
  97  89  83  78  75  70  64  56  50  47  44  39  37  36  34  34  34  35  35  33
  32  32  32  32  32  32  33  32  33  33  31  31  31  31  32  32  32  32  31  31
  32  33  33  32  32  32  32  32  32  32  32  32  34  34  32  32  32  33  34  34
  34  34  34  34  35  35  35  35  36  37  37  36  36  37  38  36  38  39  38  38
  38  38  38  38  40  41  41  38  39  39  38  38  40  40  38  38  38  36  36  35
  36  36  36  36  34  34  34  33  34  34  33  32  32  32  33  32  32  32  32  30
  30  30  32  29  29  32  32  29  29  30  31  28  28  31  32  29  29  31  31  29
  29  31  30  29  30  30  30  29  29  30  29  29  29  29  29  29  29  29  29  29
  29  29  29  29  29  29  29  28  29  30  30  28  29  30  29  29  29  29  29  29
  29  29  29  29  29  29  29  29  29  29  29  29  29  29  30  28  29  29  29  29
  29  30  30  29  29  29  29  29  29  29  29  29  29  29  29  29  29  30  31  28
  28  29  29  29  29  29  30  29  29  30  30  28  28  29  30  29  29  31  31  29
  29  29  30  29  29  30  30  30  29  30  31  28  29  29  29  28  29  30  30  29
  29  30  29  29  29  29  29  29  29  29  29  29  29  29  29  29  29  29  30  28
  28  29  29  29  29  30  30  29  29  28  28  28  29  29  30  30  29  28  28  28
  29  29  29  28  29  29  29  29  29  29  29  29  29  29  29  29  29  29  29  29
  29  29  29  28  28  29  29  29  29  29  29  29  29  30  30  28  28  29  29  28
  29  30  29  29  29  30  29  29  29  29  29  29  30  29  29  29  29  29  29  28
  28  29  29  28  28  28  29  29  29  29  31  31  29  29  30  30  29  30  31  29
  29  29  31  28  28  29  31  28  29  30  30  29  29  31  31  29  29  29  29  29
  30  30  30  29  29  29  29  27  28  29  29  29  31  31  30  29  30  30  29  28
  29  29  29  29  29  29  29  29  29  29  29  29  29  29  30  28  29  29  29  28
  28  30  30  28  30  31  31  29  30  30  29  28  29  29  29  29  28  28  29  29
  29  29  29  28  28  29  30  28  28  30  31  28  28  30  31  29  29  31  31  29
  29  30  31  28
  29  31  31  30  31  31  30  29  29  29  30  29  31  31  31  31  31  31  31  31
  31  28  28  28  30  32  32  31  31  31  31  31  31  31  31  31  32  32  32  32
  32  32  33  33  33  32  33  32  33  34  32  32  34  34  34  34  35  35  35  34
  35  36  36  36  36  36  36  36  37  38  38  38  40  41  45  50  54  58  60  63
  68  75  81  81  83  81  77  67  60  60  57  54  54  53  49  42  38  38  36  34
  33  32  32  32  32  31  31  31  31  32  32  32  33  33  32  32  32  31  31  31
  31  32  32  31  31  31  32  32  32  32  32  32  32  32  31  32  32  32  32  32
  32  32  32  32  33  33  33  33  33  33  33  33  33  33  33  33  34  34  34  35
  35  37  36  36  38  38  38  38  40  39  37  36  36  38  38  38  38  37  37  37
  40  40  40  38  38  38  38  35  35  34  34  34  34  34  34  34  34  33  32  32
  32  32  32  31  31  32  33  31  29  32  32  29  29  31  31  29  29  31  31  29
  29  31  31  30  30  30  29  29  29  30  30  29  29  29  29  29  29  30  30  29
  29  29  29  29  29  29  29  29  29  29  31  29  29  29  29  29  29  29  29  29
  29  29  29  28  29  29  29  28  29  29  29  29  29  30  29  29  29  29  29  29
  28  28  28  28  28  29  29  29  29  29  29  29  29  29  30  29  29  30  30  28
  29  30  30  29  29  29  29  29  30  30  30  29  29  29  29  29  29  29  29  29
  29  29  29  29  29  29  29  29  29  29  29  28  29  29  29  29  28  28  28  29
  30  29  29  28  28  29  29  28  29  29  30  29  29  29  29  29  29  29  30  29
  29  29  29  28  29  30  29  28  29  29  29  28  30  31  29  29  28  28  29  29
  29  29  29  28  28  29  29  29  28  28  28  28  29  30  31  28  29  29  29  29
  29  29  29  29  29  29  29  29  29  29  29  29  29  29  29  28  29  29  29  29
  29  30  30  30  30  30  30  29  29  29  29  29  29  29  29  29  29  29  29  29
  29  30  30  28  29  29  29  29  29  29  29  29  29  28  28  28  29  29  29  28
  29  29  29  28  30  31  31  29  31  30  29  28  28  29  29  29  30  29  29  29
  29  30  30  30  30  29  29  29  29  29  30  28  29  29  29  28  28  30  31  29
  29  29  29  29  29  30  30  29  29  29  29  29  30  30  29  29  29  29  29  29
  29  29  29  29  29  29  29  29  29  29  29  29  29  29  29  28  29  29  30  28
  29  30  29  29
i_gainStatus    =    0   0   0   0   0   0   0   0
i_NumCoinc      =    6   6   6   6   6   6   6   6
i_rawPkHt       =   86  87 174 253 234 171 108  83
i_spare2        =    0   0   0   0   0   0   0   0   0   0   0   0   0   0   0
   0   0   0   0   0   0   0   0   0   0   0   0   0   0   0   0   0   0   0   0
   0   0   0   0   0   0   0   0   0   0   0   0   0   0   0   0   0   0   0   0
   0   0   0   0   0   0   0   0   0   0   0   0   0   0   0   0   0   0   0   0
   0   0   0   0   0   0   0   0   0   0   0   0   0   0   0   0   0   0   0   0
   0   0   0   0   0   0   0   0   0   0   0   0   0