=GLA01
version=v6_0
type=LONG
i_rec_ndx       =    241455492
i_UTCTime       =    118796749      274203
i_gla01_rectype =        2
i_Spare1        =        0
i_filtnum       =    3   2   2   2   3   4   5   5
i_shot_ctr      =      185     186     187     188     189     190     191
     192
i_statflags     =            0           0           0           0           0
           0           0           0
i_gainSet1064   =       21      33      56      56      40      34      36
      48
i_4nsPeakVal    =       70      34      35      36      34      88      60
      52
i_8nsPeakVal    =       68     115     186     146     119      79      57
      51
i_4nsBgMean     =     2915    2918    2923    2922    2922    2921    2920
    2921
i_4nsBgSDev     =       67      75      90      89      83      79      78
      81
i_samp_pad      =        0       0       0       0       0       0       0
       0
i_comp_type     =    0   0   0   0   0   0   0   0
i_rng_wf        =   29  30  31  29  32  32  30  30  31  30  30  29  32  32  32
  31  31  32  31  28  30  32  32  31  31  31  30  27  30  32  32  32  31  31  29
  29  30  30  30  29  32  32  33  31  31  31  31  30  32  33  33  34  34  34  33
  33  33  35  36  36  38  38  38  38  41  44  45  49  51  51  54  57  58  59  63
  63  66  69  69  70  72  72  71  67  68  69  69  63  62  63  62  57  57  57  54
  53  51  48  47  44  44  41  40  39  39  38  37  36  35  34  34  33  33  34  32
  32  32  32  33  33  33  33  33  32  33  33  32  32  32  32  32  32  33  33  33
  33  34  34  34  33  33  34  34  33  33  33  33  33  34  35  35  35  35  36  36
  35  35  35  35  35  35  35  35  36  36  37  36  36  36  37  38  38  39  39  39
  39  39  40  38  38  41  41  40  38  39  39  38  38  38  38  37  36  36  36  36
  36  36  36  35  34  34  34  34  32  32  32  32  32  32  32  32  32  32  32  32
  30  30  30  31  31  31  31  30  30  30  30  29  28  29  29  29  28  30  31  31
  29  30  30  29  29  30  30  29  28  29  29  29  29  28  28  29  29  29  29  29
  28  28  29  29  28  29  29  30  29  29  30  31  29  30  31  31  29  28  30  30
  29  30  30  30  29  29  30  30  29  29  29  29  29  29  29  29  29  29  29  29
  29  29  29  29  28  29  29  29  29  29  29  28  28  29  29  29  29  29  30  30
  30  30  30  30  30  30  30  29  28  29  29  29  28  29  29  29  29  30  30  30
  29  29  29  29  28  29  29  29  29  29  29  30  30  30  29  28  28  28  29  29
  29  29  29  29  28  28  29  30  28  30  31  30  29  29  30  30  29  30  32  32
  29  29  30  30  30  30  31  30  29  29  29  29  29  29  29  29  29  29  29  29
  28  28  28  29  29  29  29  29  28  29  30  30  28  29  30  30  28  29  30  29
  29  29  30  29  29  29  28  29  29  29  29  29  28  29  29  29  28  29  29  29
  29  30  31  31  29  29  29  29  29  30  30  30  29  29  29  29  30  29  29  30
  30  29  29  31  28  28  29  30  30  29  30  30  28  28  29  31  29  29  30  30
  29  29  31  31  29  28  29  29  28  29  30  30  29  29  30  30  29  29  29  29
  29  29  29  29  29  29  29  29  28  29  29  30  28  29  31  30  29  28  29  29
  29  29  29  29  29  29  30  31  29  29  29  29  29  29  30  30  28  28  29  29
  29  29  29  30  28  29  29  29  29
  29  29  30  30  30  30  29  28  28  29  31  28  28  28  28  27  29  31  29  29
  31  31  30  30  31  31  32  32  32  32  31  30  32  32  32  31  31  32  32  32
  32  32  32  32  32  32  32  32  32  32  32  32  33  34  34  33  33  32  34  34
  34  35  35  34  34  34  33  33  35  38  38  38  40  41  38  38  40  41  42  42
  43  43  45  45  47  50  53  53  54  55  56  56  59  61  64  64  69  73  79  87
  94 102 108 111 118 122 126 126 123 120 117 112 107 105 102  97  90  86  81  72
  67  64  61  57  53  51  50  44  43  43  43  42  41  40  38  40  41  41  40  38
  38  38  38  38  39  40  40  38  37  37  37  37  37  37  38  37  38  39  39  38
  38  38  39  40  41  41  40  39  39  39  39  38  38  39  40  40  40  38  38  38
  40  41  39  38  37  37  37  36  37  37  37  36  38  38  37  37  37  37  37  36
  36  36  36  34  33  33  33  32  33  33  33  32  32  32  32  32  32  32  32  32
  32  32  32  30  30  30  30  29  30  31  30  30  30  30  30  29  29  29  30  30
  30  30  29  29  29  29  29  29  29  29  30  28  28  29  30  30  30  30  31  29
  29  29  29  28  29  29  30  29  29  29  29  30  30  30  30  29  29  29  29  28
  28  28  29  29  29  29  30  28  29  31  31  30  29  30  30  29  30  30  30  28
  29  30  30  29  29  30  29  29  29  29  29  29  29  29  29  28  29  29  29  28
  28  28  29  29  30  32  31  28  28  29  29  29  29  30  31  29  30  30  30  29
  29  30  30  29  29  29  29  28  29  29  29  29  29  29  29  29  30  28  28  28
  28  28  29  31  29  29  29  29  29  29  29  28  28  29  29  28  28  29  31  29
  29  31  31  29  29  30  30  29  29  30  29  29  31  31  31  29  29  29  29  29
  29  29  29  29  29  29  28  28  29  29  29  29  29  29  29  29  29  29  30  30
  30  30  30  28  29  29  29  28  29  29  30  29  29  28  28  29  29  29  29  30
  30  29  30  30  29  29  29  28  29  29  29  28  28  30  31  29  30  30  30  28
  28  30  31  29  30  30  30  29  29  30  29  29  29  29  29  29  29  29  29  29
  30  30  30  30  29  29  29  29  29  29  29  28  29  30  29  29  29  29  29  29
  29  29  29  29  29  29  29  29  29  29  29  28  29  29  30  29  30  30  29  29
  30  30  30  29  29  29  29  27  28  29  29  29  29  31  29  29  30  30  29  29
  29  29  29  29
  31  30  29  28  29  29  29  28  31  32  30  30  30  29  29  29  30  32  32  31
  29  28  29  30  31  30  30  31  33  33  33  33  34  34  34  33  33  33  33  32
  32  33  33  33  33  34  34  34  34  34  33  33  34  34  34  34  34  35  36  36
  36  34  34  34  34  34  34  35  35  38  38  36  36  35  35  35  37  38  38  38
  38  41  41  41  44  46  45  47  57  62  65  67  69  71  75  76  79  82  85  87
  90  95  99  99 100 106 110 114 122 126 126 125 136 153 172 189 204 210 209 201
 199 195 185 173 158 139 122 108  98  85  74  65  59  58  59  56  54  53  51  49
  49  50  50  45  44  41  41  41  43  44  44  41  41  44  47  47  44  39  39  38
  40  41  43  44  43  46  49  48  51  53  51  44  44  48  49  46  46  47  45  42
  44  49  50  45  46  49  48  47  48  48  46  45  48  48  46  47  49  49  50  48
  48  52  53  49  49  49  48  45  47  48  46  44  43  44  45  44  42  41  40  40
  42  41  40  37  36  34  34  35  35  34  34  32  33  34  34  34  34  34  34  32
  31  31  31  29  29  32  33  32  32  32  31  29  29  31  32  29  30  32  31  30
  29  31  31  29  29  29  29  29  30  31  31  29  29  29  29  28  29  32  32  29
  30  30  30  29  29  30  31  30  30  29  29  29  29  30  31  30  30  30  30  30
  29  29  30  28  29  32  32  30  28  31  31  29  29  29  30  27  29  31  31  30
  31  31  30  29  29  29  29  29  29  29  29  29  29  29  31  30  30  29  29  28
  29  30  30  28  29  29  29  29  30  30  30  29  29  29  29  29  29  29  29  28
  29  29  29  29  31  31  30  29  29  29  29  29  29  29  29  28  29  30  30  30
  30  29  29  29  29  29  29  29  29  29  29  28  28  29  29  28  29  29  30  28
  29  31  29  27  28  30  30  28  30  31  30  29  31  31  31  29  31  32  29  28
  28  28  29  29  29  29  29  29  29  29  31  29  29  29  30  30  30  30  30  28
  28  29  31  30  30  30  31  28  29  31  31  29  28  28  29  29  29  29  29  29
  29  29  30  30  29  30  31  30  29  29  29  28  28  30  31  28  28  29  31  29
  29  30  31  29  29  29  30  29  29  31  31  29  29  29  30  29  29  30  29  29
  29  29  29  29  29  29  29  29  30  30  30  30  28  28  29  29  29  29  31  28
  28  30  30  30  29  29  31  29  29  29  28  28  29  30  30  29  29  29  29  29
  30  29  29  29
  30  31  31  29  29  29  29  28  29  31  32  32  32  32  32  31  32  32  32  32
  30  29  31  33  33  32  31  31  32  33  33  32  32  33  33  33  34  33  32  32
  32  32  32  32  33  34  34  33  33  35  35  34  36  36  37  36  36  36  35  35
  35  34  34  34  37  38  39  39  39  38  41  43  44  44  41  38  40  45  49  49
  49  49  46  44  47  52  54  53  54  56  57  57  57  62  63  62  62  64  66  69
  73  75  77  81  93 106 115 123 133 147 159 161 162 161 153 144 143 143 139 130
 120 114 108  98  89  85  80  69  66  64  60  54  50  48  45  43  45  46  44  43
  44  44  44  43  44  44  43  43  43  43  43  43  44  44  43  41  40  42  42  40
  41  44  45  43  43  44  45  45  45  48  49  49  50  51  51  47  47  48  48  48
  50  54  53  50  51  51  51  53  56  56  53  49  49  52  56  57  57  54  53  51
  53  54  54  52  51  53  54  54  54  54  49  49  51  52  54  54  54  54  53  49
  49  49  49  47  47  46  45  44  44  45  44  44  44  44  44  43  43  41  40  40
  40  38  36  35  35  33  32  32  33  34  33  31  31  32  32  31  31  31  30  28
  30  31  31  30  30  31  31  30  31  32  33  29  29  32  32  29  29  30  30  29
  29  30  30  29  29  31  31  29  28  29  29  28  28  28  30  29  29  31  29  28
  28  29  30  29  29  31  32  28  28  28  28  28  28  31  31  29  30  30  30  28
  29  30  30  30  30  30  29  29  30  30  30  29  29  29  30  30  30  30  28  28
  28  28  29  29  30  30  30  31  29  29  30  29  29  29  29  29  29  29  30  29
  28  29  30  30  29  29  31  29  29  29  29  29  29  29  30  29  29  29  29  29
  29  29  30  29  29  29  29  28  29  29  30  28  29  30  30  30  30  30  30  29
  29  29  29  29  30  29  29  29  29  31  32  30  29  29  31  28  28  31  31  28
  28  29  31  29  29  31  29  28  29  30  30  29  29  31  32  30  30  30  31  29
  29  30  30  29  29  29  30  29  29  30  31  28  29  29  28  28  29  31  30  29
  29  29  29  29  30  30  30  30  29  29  29  28  29  29  30  27  27  29  30  29
  29  30  30  29  29  29  29  29  29  30  30  30  30  31  31  30  30  30  30  29
  29  29  29  29  29  29  29  27  27  29  30  29  29  31  31  29  29  29  29  28
  29  30  31  29  29  31  32  29  29  30  30  28  29  30  31  29  29  31  30  28
  28  29  29  29
  29  29  29  29  32  32  31  29  31  32  32  31  31  32  32  29  30  32  30  29
  29  31  32  32  32  32  32  32  32  33  32  32  32  32  33  33  32  32  32  31
  33  34  33  33  32  32  33  33  35  36  34  32  32  32  33  33  32  32  32  32
  33  33  35  35  38  41  39  39  39  41  41  41  43  44  44  44  46  48  48  48
  48  49  49  48  50  52  53  51  53  56  57  57  57  57  55  53  55  59  62  62
  63  65  66  67  73  83  90  91  91  93  99 102 107 115 120 123 125 126 129 126
 123 123 118 112 106  97  89  80  75  74  72  67  64  62  59  53  50  50  50  46
  44  43  43  41  41  39  38  38  40  40  39  38  38  38  36  36  37  37  37  36
  38  39  38  38  38  38  38  38  39  38  38  39  40  41  41  39  38  38  39  40
  40  38  38  38  41  42  42  40  40  42  44  44  45  46  44  42  44  45  45  43
  42  44  45  45  46  46  46  43  44  44  44  43  43  43  41  39  39  39  38  36
  37  36  36  36  36  36  36  34  33  34  34  32  32  32  31  30  31  31  32  30
  29  29  29  29  29  30  31  29  29  30  30  28  28  29  31  29  30  31  31  29
  29  31  31  29  29  29  29  29  29  28  29  29  29  29  29  29  29  29  30  28
  28  29  29  29  29  30  30  28  28  30  31  28  28  31  31  29  29  31  31  29
  29  29  29  29  30  31  31  30  29  30  29  28  29  29  31  29  28  28  28  28
  28  30  31  29  28  29  31  28  28  29  30  29  29  30  31  29  29  30  30  28
  28  30  30  29  29  31  30  28  28  28  30  29  29  30  28  28  29  29  29  29
  30  30  30  29  29  29  29  29  29  30  29  28  28  28  30  28  28  30  30  29
  29  30  31  29  29  31  31  30  30  31  30  28  28  29  31  29  29  28  28  28
  29  31  30  28  28  29  30  29  29  29  29  27  29  30  29  29  29  30  30  29
  29  29  29  29  29  30  30  29  29  29  29  29  29  30  31  28  28  30  31  30
  30  31  31  29  29  29  31  29  28  29  29  29  29  30  31  29  29  31  31  28
  28  29  29  29  29  31  31  29  29  29  30  29  29  30  30  29  29  29  29  29
  29  30  30  28  28  29  30  29  29  31  31  29  29  29  30  28  28  31  31  29
  29  29  30  29  29  31  31  28  29  29  29  29  29  31  31  29  29  29  29  28
  29  29  29  29  29  29  29  30  30  30  30  29  29  29  29  28  28  29  29  28
  28  29  31  28
  32  32  32  30  30  30  29  28  29  29  29  29  30  30  30  30  30  30  31  31
  31  30  28  28  28  29  30  30  31  31  31  31  32  32  32  29  29  29  30  30
  29  29  28  28  31  32  31  29  31  31  29  30  31  31  32  31  31  32  32  31
  32  31  31  32  32  32  32  31  31  30  32  32  33  33  33  32  33  33  32  32
  32  33  33  33  33  33  32  33  34  34  34  34  36  36  38  36  36  38  42  44
  45  49  49  49  54  59  65  66  69  70  72  72  73  75  75  74  74  73  71  68
  67  65  64  60  59  59  59  56  56  58  58  54  54  54  54  53  53  56  57  57
  57  57  58  57  57  59  60  57  55  57  57  54  54  57  57  54  56  59  63  65
  69  78  83  85  89  93  93  85  76  70  63  57  54  51  47  43  41  40  38  38
  36  37  38  35  34  35  36  36  36  35  35  35  36  37  35  35  35  35  34  34
  35  35  35  33  35  36  36  36  36  37  37  37  37  36  36  36  36  36  36  36
  38  40  40  38  38  38  38  38  41  41  41  41  41  44  44  43  43  41  41  41
  43  43  41  40  40  40  40  38  41  42  41  38  38  39  38  37  37  36  36  36
  36  35  35  35  34  34  34  33  34  34  34  32  32  33  33  29  30  30  30  29
  29  31  32  29  30  31  31  29  28  30  30  29  29  29  29  29  29  31  31  28
  29  29  29  29  29  31  31  29  29  29  29  29  29  30  30  29  29  29  30  30
  30  30  31  30  30  30  30  30  29  29  30  29  29  29  30  28  28  31  31  29
  29  30  30  28  28  31  31  28  30  31  30  29  29  30  30  29  29  28  29  29
  29  30  29  28  28  29  30  28  28  29  29  28  29  30  31  29  29  30  29  29
  30  30  30  29  31  32  29  29  29  29  29  29  29  29  29  29  29  29  29  29
  29  29  29  28  29  29  30  29  30  30  29  28  29  30  30  29  29  29  29  29
  30  31  31  30  29  29  29  28  29  29  30  29  29  32  29  28  30  30  30  28
  29  31  32  30  31  31  31  29  28  29  29  29  30  30  30  27  27  29  30  29
  29  31  31  29  29  29  29  29  29  29  30  29  29  30  31  30  30  30  30  29
  28  29  30  29  29  29  29  29  29  30  30  28  29  29  29  29  29  31  29  29
  29  29  29  29  29  29  29  29  29  29  29  29  29  29  29  29  29  29  29  28
  28  29  30  30  30  30  31  29  29  29  29  29  29  29  29  29  29  30  30  28
  29  29  29  29
  29  29  29  29  29  29  29  29  29  29  28  28  28  29  29  29  30  30  30  30
  30  29  29  29  29  29  30  30  29  29  29  28  29  29  30  29  29  30  30  29
  29  29  29  29  29  31  31  30  30  30  30  29  29  30  30  29  29  29  30  29
  29  30  31  31  29  30  31  29  29  29  30  28  28  31  31  28  29  31  29  27
  29  31  32  29  30  31  29  29  31  31  30  29  29  29  29  29  30  29  29  29
  29  29  29  28  29  29  29  28  29  30  30  30  30  29  29  29  29  29  29  29
  29  30  31  31  32  32  31  31  32  32  33  31  31  32  32  29  30  31  31  29
  31  31  32  32  32  32  32  32  32  32  32  33  34  34  33  32  34  37  37  36
  36  36  37  37  38  39  42  41  43  46  50  51  53  56  56  54  55  58  60  59
  60  62  62  59  56  56  56  54  54  54  56  57  59  59  57  57  54  54  55  54
  54  54  53  48  47  47  47  47  49  49  47  45  44  46  47  45  45  45  44  44
  46  49  48  47  47  47  47  41  41  43  43  42  44  46  45  45  48  48  48  47
  51  53  53  49  49  51  53  54  56  56  53  53  53  53  50  51  51  52  53  51
  51  52  52  51  51  51  50  50  50  50  49  49  51  51  50  49  49  47  44  44
  44  44  44  44  44  45  44  41  41  41  42  42  41  41  41  40  41  41  39  36
  36  40  40  40  40  40  38  37  38  38  38  37  39  40  41  41  41  41  41  38
  38  38  38  38  38  38  38  38  38  38  38  36  37  39  39  38  38  38  38  36
  36  36  36  36  36  35  34  34  36  36  35  36  36  34  34  34  34  34  34  32
  33  34  34  34  33  33  33  33  34  34  34  33  34  34  34  34  34  35  34  33
  34  34  34  34  34  34  34  34  34  34  34  33  33  32  32  32  32  33  33  31
  31  32  31  30  31  31  31  29  30  31  32  31  31  32  31  30  30  30  31  29
  30  31  29  28  28  31  31  29  29  29  29  29  29  30  30  29  29  29  29  29
  30  30  30  29  29  29  29  29  28  28  28  28  29  29  29  28  29  29  29  29
  29  29  29  29  29  29  29  29  29  29  30  28  28  29  31  29  29  30  30  28
  29  31  31  29  28  30  31  29  29  31  31  29  29  30  30  30  30  31  31  30
  30  30  30  29  29  28  28  28  28  29  29  30  30  30  30  29  29  29  29  28
  28  29  29  28  30  30  29  28  29  30  29  29  28  28  29  29  29  29  31  30
  29  29  29  29
  29  29  29  29  30  30  30  31  31  29  29  30  30  30  30  30  31  29  29  30
  29  29  28  28  29  29  31  30  31  30  29  28  29  29  29  29  29  29  29  29
  30  29  30  30  30  30  30  30  31  29  31  31  32  32  32  31  29  29  28  28
  29  31  31  28  31  31  30  28  29  30  29  29  29  29  29  29  31  31  31  31
  31  31  31  31  31  30  30  31  32  32  32  32  32  32  32  31  32  32  32  32
  32  32  32  32  33  33  32  32  31  32  33  32  34  37  37  36  36  36  34  34
  36  38  38  38  39  39  38  36  36  38  38  38  38  38  38  37  37  38  38  40
  41  41  41  41  41  42  44  44  45  45  43  43  44  46  47  45  45  44  43  41
  44  44  44  42  42  42  40  41  44  44  42  38  39  42  43  41  40  40  41  41
  42  44  44  44  44  44  47  48  50  51  51  49  49  49  49  47  46  47  48  49
  50  51  51  48  48  51  53  50  50  50  48  45  45  49  49  49  48  47  47  45
  45  45  44  44  45  47  50  51  51  52  52  51  53  54  54  52  50  50  50  49
  50  50  49  45  44  44  43  43  45  47  44  44  44  44  45  45  47  46  43  41
  41  42  41  41  41  42  42  41  40  40  38  38  38  40  40  40  40  41  40  40
  41  41  41  41  43  43  43  43  44  44  43  43  44  45  45  44  44  44  43  43
  44  44  43  40  41  43  44  44  44  44  43  43  44  44  44  44  44  44  44  44
  45  45  45  44  44  44  44  44  44  44  44  44  44  44  43  42  42  43  44  41
  41  42  42  42  42  44  44  42  42  41  40  38  40  40  39  38  38  40  40  38
  38  38  38  38  39  40  39  36  36  36  37  36  36  36  36  36  38  39  39  39
  39  39  39  38  38  38  38  38  38  38  38  38  39  39  39  39  38  38  38  38
  41  41  39  39  39  41  40  36  36  36  37  37  37  38  38  37  38  38  36  36
  36  36  35  35  36  36  36  35  35  36  37  38  39  38  37  36  36  36  35  35
  35  34  34  34  34  34  35  33  34  34  32  32  32  32  33  33  34  34  34  34
  34  34  33  33  34  34  34  34  32  32  32  32  33  34  33  32  32  32  33  33
  34  33  32  32  32  32  32  32  32  32  32  32  30  29  31  31  32  32  31  31
  32  32  31  30  32  32  32  31  31  31  32  31  31  31  31  31  32  31  30  30
  32  33  32  31  31  32  32  29  30  32  32  29  29  31  31  29  31  31  31  29
  29  30  32  29
i_gainStatus    =    0   0   0   0   0   0   0   0
i_NumCoinc      =    6   6   6   6   6   6   6   6
i_rawPkHt       =   72 126 209 162 129  93  62  54
i_spare2        =    0   0   0   0   0   0   0   0   0   0   0   0   0   0   0
   0   0   0   0   0   0   0   0   0   0   0   0   0   0   0   0   0   0   0   0
   0   0   0   0   0   0   0   0   0   0   0   0   0   0   0   0   0   0   0   0
   0   0   0   0   0   0   0   0   0   0   0   0   0   0   0   0   0   0   0   0
   0   0   0   0   0   0   0   0   0   0   0   0   0   0   0   0   0   0   0   0
   0   0   0   0   0   0   0   0   0   0   0   0   0