=GLA01
version=v6_0
type=LONG
i_rec_ndx       =    241455432
i_UTCTime       =    118796743      274202
i_gla01_rectype =        2
i_Spare1        =        0
i_filtnum       =    1   2   1   1   1   1   1   1
i_shot_ctr      =      137     138     139     140     141     142     143
     144
i_statflags     =     33556512           0    33556512    66326527    66326527
    66326527    66326527    66326527
i_gainSet1064   =      250     250     250     136     174     174     174
     174
i_4nsPeakVal    =       52     246      76      31      32      31      32
      31
i_8nsPeakVal    =       48     238      63      30      30      30      30
      30
i_4nsBgMean     =     2932    2916    2935    2928    2936    2934    2944
    2923
i_4nsBgSDev     =      170     169     171     121     136     133     138
     137
i_samp_pad      =        0       0       0       0       0       0       0
       0
i_comp_type     =    0   0   0   0   0   0   0   0
i_rng_wf        =   31  32  32  32  31  31  32  32  32  32  29  28  29  28  29
  34  37  37  34  28  31  34  36  36  36  34  30  27  28  32  36  36  35  32  31
  29  33  34  33  32  32  32  33  36  40  44  48  48  51  54  54  52  50  50  50
  43  40  38  35  32  32  32  31  29  30  31  32  32  33  31  29  27  28  29  31
  31  30  30  29  28  28  28  28  27  28  29  33  32  29  28  28  28  32  33  30
  26  27  28  32  32  28  28  29  29  33  33  30  27  27  30  32  30  29  29  27
  27  31  32  32  29  30  31  31  31  31  31  28  28  29  28  29  29  31  32  32
  31  31  32  32  32  32  32  31  29  32  32  32  29  29  30  30  29  31  31  31
  29  28  29  29  29  29  29  29  28  29  31  32  28  27  28  30  32  32  32  30
  30  31  31  31  28  28  28  30  31  31  31  31  30  31  29  28  25  28  30  30
  30  30  32  31  29  30  30  30  29  29  32  33  32  32  29  28  28  29  31  32
  30  30  29  28  28  28  29  30  31  32  32  28  25  28  29  29  27  25  25  29
  30  30  29  28  27  30  31  29  28  28  30  30  28  31  32  31  29  29  31  29
  29  28  27  26  26  29  29  29  28  28  29  29  29  32  33  29  28  30  31  33
  32  31  28  28  29  32  34  32  29  28  27  29  29  30  29  28  28  30  30  28
  26  28  29  32  30  30  31  31  31  32  32  32  32  32  32  32  32  32  32  32
  32  32  32  29  28  28  29  31  28  28  28  28  27  29  30  29  28  28  28  29
  29  29  29  28  28  31  31  29  28  29  30  32  30  30  29  29  31  32  32  32
  30  30  28  28  27  27  29  31  32  32  29  27  27  31  32  32  31  32  32  31
  30  31  32  32  29  29  29  29  30  31  31  29  28  28  29  31  28  28  29  30
  30  30  30  30  29  29  30  31  31  31  31  31  31  33  32  30  29  28  28  28
  28  30  29  29  28  28  32  34  32  32  29  27  26  27  30  31  29  29  32  32
  32  32  30  30  30  31  31  29  28  30  30  28  28  27  27  29  31  31  29  29
  29  29  29  29  28  28  29  30  31  32  31  32  31  31  31  32  32  30  30  31
  32  33  34  32  25  25  28  32  32  27  25  25  26  29  29  28  25  26  29  30
  30  28  28  28  29  29  28  28  28  29  30  31  31  29  29  28  28  30  30  29
  27  29  32  32  30  28  28  28  28  29  30  29  25  29  32  33  32  31  31  31
  29  30  30  29  29  29  30  29  29
  27  27  29  30  33  33  29  28  27  27  32  32  29  22  19  24  29  28  28  32
  35  37  36  32  32  33  36  35  36  37  37  36  36  35  32  32  33  32  33  36
  40  43  40  34  33  34  38  41  44  43  37  30  34  46  46  41  38  39  49  87
 151 183 185 187 198 208 211 216 242 254 252 246 243 238 237 236 233 236 241 241
 232 205 180 151 120  93  72  59  56  55  51  46  43  43  44  44  44  38  34  32
  33  34  34  34  36  36  36  34  33  31  31  31  32  33  36  36  34  34  31  28
  29  30  30  29  31  31  32  30  29  29  31  30  29  29  31  32  33  33  30  27
  28  30  31  30  28  27  29  29  29  29  27  27  28  30  31  28  28  29  31  30
  31  31  29  29  29  31  31  29  29  29  29  29  32  33  30  27  27  27  27  29
  31  31  32  31  31  32  31  28  28  29  29  29  30  30  30  29  32  32  31  29
  29  31  32  31  29  25  25  25  28  29  31  32  33  32  29  28  29  29  32  31
  31  32  32  29  28  29  32  32  32  31  28  25  27  29  30  29  29  31  31  28
  30  31  29  27  29  31  30  30  31  32  32  30  29  28  29  30  32  28  28  28
  28  29  28  28  31  34  34  28  28  29  29  29  29  31  32  32  30  28  28  27
  29  32  33  32  31  31  31  29  30  30  31  28  28  28  28  28  27  27  27  26
  26  27  27  27  28  28  28  28  27  27  28  29  33  34  32  28  27  27  28  28
  31  32  32  27  25  26  27  26  26  27  28  28  28  28  28  28  29  29  29  27
  29  32  32  32  29  30  30  30  32  32  30  29  30  31  33  31  29  28  28  28
  28  29  30  29  30  32  31  29  28  29  30  29  29  28  29  28  28  31  31  30
  29  29  29  26  27  28  28  28  30  31  30  29  29  29  29  29  30  30  30  29
  32  32  30  28  28  29  29  29  29  29  29  28  28  29  28  27  30  31  29  28
  28  30  32  30  31  30  27  27  29  31  30  29  31  32  33  29  28  29  29  29
  29  31  31  28  28  28  28  25  25  28  31  30  29  28  25  25  29  32  32  26
  25  28  28  28  31  31  29  26  27  29  29  29  29  29  29  28  28  28  29  30
  32  30  28  27  31  33  34  33  28  27  28  30  31  29  28  28  29  29  29  28
  25  25  27  29  29  29  31  31  31  31  31  31  32  32  32  28  27  28  29  28
  30  31  31  29  29  31  31  30  30  29  29  27  29  29  27  25  25  28  29  29
  30  28  27  27
  31  32  33  32  29  28  30  30  33  33  30  29  28  29  30  29  28  28  28  29
  34  34  34  31  29  32  32  32  30  28  31  34  35  34  32  32  33  34  34  32
  34  38  41  41  44  52  56  57  65  78  85  82  74  61  48  40  40  39  36  34
  32  32  32  31  30  28  28  28  28  29  30  30  30  32  31  30  30  30  31  29
  30  31  31  31  32  32  31  29  30  32  32  30  28  28  31  32  32  33  31  27
  28  29  29  27  28  31  31  30  31  31  30  29  31  31  31  30  30  30  28  28
  30  32  33  32  28  26  26  26  31  32  31  27  27  29  29  28  31  31  31  29
  29  30  29  28  29  32  32  32  32  27  27  27  31  32  28  28  28  29  29  28
  29  31  29  28  28  28  29  29  28  27  27  28  31  32  32  29  29  30  31  30
  29  29  31  31  30  30  30  30  29  29  32  35  38  37  33  30  31  29  29  28
  29  29  29  29  30  32  32  28  28  27  26  26  28  29  29  29  29  32  32  32
  32  31  31  30  32  32  32  30  30  30  30  28  28  28  28  29  30  31  28  28
  28  29  29  29  30  30  32  29  29  29  31  31  29  29  29  29  29  29  28  26
  28  29  29  29  28  29  30  30  30  29  29  28  27  28  29  29  29  29  29  28
  29  30  30  28  28  30  31  29  29  29  29  29  30  31  31  29  29  29  29  29
  29  31  32  31  29  29  30  30  31  30  31  28  27  29  31  31  29  29  29  27
  29  32  32  28  27  30  30  29  32  32  30  26  27  31  32  30  28  28  29  29
  29  28  25  24  28  29  29  27  27  28  28  28  30  30  29  29  31  32  31  28
  28  28  27  27  28  29  29  28  28  28  28  28  28  28  28  28  30  30  30  31
  31  31  31  31  31  33  32  31  31  29  30  28  27  29  29  30  32  32  29  25
  27  30  33  32  31  28  28  29  30  31  30  28  29  29  29  28  28  30  31  29
  29  29  29  29  32  31  29  27  27  29  32  32  32  29  27  27  32  32  32  31
  28  28  29  30  29  29  27  24  28  29  29  28  28  28  30  30  28  29  27  27
  29  29  28  27  27  28  28  28  29  28  28  31  32  32  32  31  31  32  32  28
  28  31  31  28  28  28  29  28  30  31  30  30  30  31  31  30  31  31  29  27
  28  29  29  29  30  30  30  30  31  31  33  31  29  28  28  28  29  30  30  28
  28  28  30  29  27  26  25  24  29  32  32  29  29  31  32  30  30  28  28  27
  25  28  28  28
  28  28  28  28  29  30  29  29  29  29  29  29  29  28  29  28  28  30  28  28
  28  29  28  27  28  28  28  28  30  29  29  29  30  32  28  27  28  29  29  29
  31  30  29  31  31  31  32  30  29  29  31  31  30  30  31  31  31  30  30  31
  31  31  31  28  29  30  30  31  29  31  32  29  29  29  28  27  28  31  32  29
  29  29  28  28  28  28  29  29  29  28  28  29  29  29  29  28  29  29  29  28
  28  28  29  29  29  29  28  28  30  31  31  28  28  29  29  30  30  31  31  29
  30  30  29  28  28  29  30  29  29  30  30  30  31  31  30  28  29  29  29  29
  28  28  28  27  29  28  28  28  28  31  32  31  31  29  28  27  27  29  31  29
  30  32  31  29  28  29  29  29  29  30  30  29  29  29  29  29  29  30  29  28
  28  28  29  28  28  29  29  29  29  30  31  29  29  29  28  27  28  30  31  29
  28  28  28  29  31  30  31  28  28  29  28  28  29  29  31  28  28  28  28  28
  30  30  30  29  29  29  29  28  28  28  28  27  29  30  30  29  28  29  31  30
  30  29  28  28  29  32  32  29  28  29  29  29  30  31  31  28  29  30  30  30
  30  31  30  28  28  28  28  27  29  32  32  29  29  30  29  29  30  31  32  29
  29  30  30  30  30  31  31  29  29  29  29  28  28  30  31  29  29  29  28  28
  31  31  32  29  28  29  29  30  30  29  28  26  27  29  29  28  29  29  30  29
  28  28  28  29  29  29  30  28  28  29  31  31  31  31  30  28  28  29  31  29
  28  29  29  28  29  30  30  29  29  31  32  29  29  29  29  29  29  30  30  29
  29  29  29  29  30  30  29  29  29  29  29  29  28  28  31  31  31  29  28  28
  29  31  31  31  31  30  30  28  28  28  28  28  28  29  29  28  29  29  29  29
  31  31  29  28  28  29  31  31  31  28  28  28  29  30  31  31  29  29  29  28
  29  29  28  28  28  29  29  29  29  29  29  29  30  31  31  30  31  32  30  28
  28  29  29  29  29  29  29  27  28  29  29  29  29  31  29  27  28  28  29  28
  31  31  29  28  28  30  30  29  29  28  28  27  28  30  31  31  31  29  29  29
  30  30  30  28  28  29  29  28  28  30  30  28  28  28  28  27  29  30  29  28
  28  28  29  29  29  28  28  28  28  28  28  28  28  29  28  28  28  30  31  30
  31  30  28  28  28  28  28  28  29  29  29  28  28  28  28  28  31  32  30  28
  28  28  29  29
  31  31  29  28  29  29  29  28  29  32  32  29  28  28  29  29  30  30  28  28
  29  29  29  28  28  28  28  27  29  33  32  31  31  31  30  29  30  31  31  31
  31  28  28  29  31  32  32  31  29  29  29  28  29  29  29  28  29  31  30  28
  28  30  31  29  28  28  28  28  29  30  32  31  29  28  28  28  29  29  30  30
  30  30  30  30  30  30  31  28  28  29  28  28  28  31  31  29  29  28  28  28
  29  29  29  30  30  30  30  29  29  30  31  31  31  31  29  28  28  29  31  28
  28  29  29  28  29  31  31  29  28  28  28  28  29  29  29  29  30  30  30  29
  28  28  28  28  28  29  29  28  28  28  28  28  29  31  32  31  29  29  31  29
  29  29  29  29  29  28  28  28  28  29  31  31  31  29  28  28  29  32  32  30
  30  30  30  28  28  28  28  28  29  30  29  28  28  28  29  29  29  29  29  29
  31  29  28  27  27  29  32  30  30  32  30  29  30  31  31  27  27  29  32  30
  30  31  29  29  29  30  30  29  29  29  29  29  30  30  29  29  29  30  29  28
  28  29  30  29  29  28  28  29  29  30  30  30  30  29  29  28  29  30  32  31
  29  28  28  28  29  30  29  27  27  28  30  30  28  28  28  28  29  29  28  27
  29  31  30  29  29  29  29  29  30  30  29  28  28  28  28  29  29  30  31  31
  31  29  29  28  31  32  28  28  28  29  30  30  30  28  28  29  29  29  29  28
  28  29  29  28  29  29  30  28  28  28  29  29  27  29  31  29  29  29  28  25
  27  31  31  29  28  30  31  29  28  28  29  28  29  31  31  29  29  31  31  29
  29  29  29  28  28  28  30  31  31  31  31  29  29  29  31  30  29  29  29  28
  28  28  28  27  28  30  30  28  29  31  32  29  29  31  31  29  30  30  30  28
  28  29  29  29  29  28  28  28  29  30  30  30  30  29  29  29  29  32  32  28
  28  29  29  27  29  31  29  29  29  30  30  29  29  28  27  27  29  32  32  31
  31  32  30  28  28  28  29  28  29  30  30  30  30  31  31  30  30  28  28  29
  29  29  29  28  29  29  29  28  28  30  31  29  30  31  30  29  28  30  29  29
  31  30  30  28  29  31  32  31  30  30  29  29  29  29  30  29  32  32  31  28
  28  29  29  28  29  29  28  26  28  30  30  29  28  28  28  29  31  28  28  28
  29  29  30  31  29  28  28  28  30  33  33  31  29  29  30  29  29  29  29  29
  30  30  30  27
  29  30  29  28  28  28  29  29  29  29  29  27  28  29  28  28  28  28  29  29
  30  28  28  28  28  30  31  29  29  29  29  28  28  29  29  27  28  28  28  27
  27  30  32  29  29  28  28  27  27  28  30  31  32  30  28  27  28  30  30  30
  29  29  29  28  28  28  27  25  29  29  29  29  28  30  32  28  29  29  27  25
  28  31  31  29  28  28  29  29  30  30  29  27  28  28  28  28  27  28  28  28
  28  27  27  27  27  28  31  31  29  29  29  29  29  28  28  27  28  30  31  31
  29  30  31  29  29  29  28  28  29  29  29  28  27  27  27  27  28  29  29  28
  29  31  31  28  28  28  28  28  29  29  29  28  31  32  32  29  29  31  32  29
  28  28  28  28  31  31  30  28  28  29  29  27  28  29  30  29  29  31  29  29
  29  29  29  29  31  31  31  28  28  28  28  28  31  32  29  28  28  28  31  30
  30  28  28  28  30  31  29  28  28  29  29  28  28  28  28  28  29  31  29  26
  28  29  30  28  28  31  31  30  30  31  31  29  29  30  30  28  28  28  29  29
  29  30  30  31  32  31  30  29  29  29  29  28  28  29  29  28  29  30  29  27
  28  28  29  29  28  28  28  28  29  29  31  29  29  29  30  31  32  32  29  28
  30  31  31  28  28  28  28  28  28  28  28  28  29  29  29  28  28  28  28  28
  27  28  28  28  30  32  31  28  29  30  30  30  31  31  28  26  29  32  32  29
  28  29  29  29  31  30  30  29  28  28  28  28  31  32  30  28  28  30  30  30
  31  28  28  27  29  30  29  28  28  28  28  27  28  28  28  28  28  28  28  29
  30  29  29  28  29  31  32  30  29  29  29  29  29  29  30  30  29  28  28  28
  29  29  29  29  29  29  28  28  29  29  29  29  29  29  29  28  28  28  27  27
  29  29  29  29  29  29  29  28  28  29  29  29  29  28  28  25  28  29  29  28
  27  28  28  27  31  31  28  28  28  31  33  32  31  29  27  27  29  31  32  29
  29  29  29  28  29  29  29  29  28  28  28  27  29  29  28  27  27  28  29  29
  30  29  29  28  29  30  28  28  28  29  29  29  32  32  31  28  28  28  29  28
  28  29  27  25  28  29  30  29  28  28  29  29  30  29  29  29  29  29  29  29
  30  29  29  28  27  29  29  29  29  29  30  28  27  28  28  28  29  28  28  29
  29  29  32  30  29  27  27  28  29  32  31  28  28  29  29  29  29  29  30  29
  29  29  28  28
  29  30  30  29  28  29  30  29  29  29  29  28  28  31  31  29  30  31  31  29
  28  28  28  29  29  30  31  30  29  29  29  28  29  29  29  29  29  30  30  30
  30  29  29  29  29  29  29  28  28  28  28  28  28  29  29  28  30  32  32  32
  29  30  30  29  30  31  31  29  29  30  30  30  30  30  30  30  30  28  28  29
  29  29  28  28  29  29  28  28  28  28  30  30  29  29  28  28  29  29  29  28
  29  29  29  28  29  29  29  29  30  31  28  25  28  28  30  29  32  32  30  30
  30  30  30  30  30  29  28  27  28  29  29  30  31  31  31  28  28  29  30  30
  31  30  30  29  29  31  32  30  29  29  29  27  27  28  28  27  27  28  28  26
  28  30  30  28  27  27  28  29  29  28  28  28  29  29  29  27  28  29  29  29
  29  30  29  28  29  30  31  29  29  29  29  29  29  29  29  29  29  29  28  27
  30  32  32  30  30  31  31  31  32  32  32  29  29  29  29  31  31  31  30  29
  29  29  29  27  28  29  28  28  28  30  30  30  31  31  31  31  31  31  30  28
  28  28  28  28  29  29  29  28  31  32  31  28  27  28  28  29  31  30  29  28
  28  32  32  32  32  29  27  26  27  28  30  28  28  29  28  28  29  31  29  26
  27  28  29  28  28  28  28  27  27  27  27  27  28  28  28  28  28  28  28  28
  30  32  32  30  31  31  31  28  29  30  29  29  30  31  31  29  29  29  29  29
  29  30  31  31  30  28  27  27  29  29  31  30  30  30  31  31  31  30  28  27
  28  29  29  29  29  29  29  30  31  29  28  28  29  29  32  31  29  29  29  31
  32  32  30  28  28  29  29  28  28  28  28  27  28  29  29  28  31  31  31  29
  29  29  29  29  29  29  29  29  29  28  28  27  28  28  31  31  29  29  29  28
  29  29  30  29  29  31  30  30  30  30  30  28  28  28  29  28  29  31  31  30
  28  28  28  28  30  30  29  28  29  31  31  27  25  27  27  27  30  31  28  25
  27  28  29  29  28  28  28  28  32  32  29  27  28  29  29  29  30  29  29  29
  29  29  29  29  30  29  28  28  28  29  29  28  31  31  30  28  28  29  29  29
  31  29  26  26  27  29  31  30  31  29  27  27  29  31  29  28  28  27  27  27
  30  32  32  32  31  29  29  29  29  29  29  28  28  29  29  27  27  28  27  25
  28  30  32  29  29  31  32  29  29  31  31  29  30  31  28  25  27  28  29  29
  27  28  28  28
  30  30  30  28  28  31  31  28  28  29  29  29  29  30  30  29  29  32  32  30
  29  31  30  29  29  29  29  28  28  31  31  31  29  28  27  26  28  28  28  27
  25  27  30  30  29  28  27  27  27  29  30  28  28  28  28  27  27  28  31  30
  29  29  28  27  29  30  30  29  29  30  30  29  30  29  29  28  30  31  29  28
  28  31  31  28  28  27  27  27  27  28  29  29  29  29  29  28  28  28  28  27
  28  29  29  28  28  28  28  27  28  29  29  29  30  31  32  32  29  29  29  29
  31  30  31  27  27  29  31  31  30  30  27  26  27  28  28  27  27  27  27  28
  29  30  30  30  29  29  30  28  28  29  29  28  28  29  30  30  31  30  28  27
  27  29  29  29  29  31  31  29  29  29  30  30  31  30  29  28  28  30  28  27
  29  29  30  28  27  27  27  27  30  32  32  29  28  28  29  28  28  27  28  29
  29  28  28  28  28  29  31  30  29  29  29  28  29  29  28  26  26  27  29  28
  29  29  28  29  29  31  31  29  29  29  29  28  30  31  31  28  28  30  29  28
  29  31  32  29  29  30  30  30  29  29  31  29  29  28  27  27  28  29  30  30
  31  32  31  30  31  31  31  29  29  29  29  28  28  28  28  28  28  28  28  28
  31  32  32  32  32  29  28  28  28  29  30  30  30  29  29  28  27  27  28  28
  29  29  29  27  27  29  31  29  28  29  28  27  29  31  31  27  27  28  29  29
  28  28  28  27  30  32  28  24  25  28  29  29  28  28  27  27  30  31  29  27
  28  29  29  29  28  27  27  27  28  28  28  28  30  31  31  31  31  30  29  29
  29  29  30  28  28  29  27  27  27  29  31  29  29  31  32  31  31  31  30  27
  27  28  29  29  29  31  31  29  29  29  28  29  29  29  29  28  29  29  29  29
  30  30  30  28  28  29  29  29  30  30  30  28  28  30  31  30  28  28  28  27
  29  30  29  28  29  31  31  30  31  32  31  28  28  28  30  30  31  31  29  28
  28  30  30  30  31  31  32  28  28  28  28  27  29  31  29  28  28  30  32  29
  28  27  27  29  28  28  28  28  29  29  29  28  29  30  32  31  29  29  28  28
  29  29  29  27  29  31  31  30  28  28  29  29  29  29  28  27  28  30  30  28
  28  29  29  29  31  31  31  30  30  31  29  29  29  29  29  27  28  29  29  28
  30  31  29  27  27  28  29  29  29  29  29  28  29  30  30  28  28  28  27  27
  28  29  30  30
i_gainStatus    =    1   1   0   0   1   1   1   1
i_NumCoinc      =    5   6   5   0   0   0   0   0
i_rawPkHt       =   54 252  85  33  35  33  32  33
i_spare2        =    0   0   0   0   0   0   0   0   0   0   0   0   0   0   0
   0   0   0   0   0   0   0   0   0   0   0   0   0   0   0   0   0   0   0   0
   0   0   0   0   0   0   0   0   0   0   0   0   0   0   0   0   0   0   0   0
   0   0   0   0   0   0   0   0   0   0   0   0   0   0   0   0   0   0   0   0
   0   0   0   0   0   0   0   0   0   0   0   0   0   0   0   0   0   0   0   0
   0   0   0   0   0   0   0   0   0   0   0   0   0