=GLA01
version=v6_0
type=LONG
i_rec_ndx       =    241455432
i_UTCTime       =    118796743      274202
i_gla01_rectype =        2
i_Spare1        =        0
i_filtnum       =    1   1   1   5   5   5   5   4
i_shot_ctr      =      153     154     155     156     157     158     159
     160
i_statflags     =     66326527    66326527    66326527           0           0
           0           0           0
i_gainSet1064   =      174     174     174     174     174     169     160
     149
i_4nsPeakVal    =       31      32      32      38      40      39      38
     162
i_8nsPeakVal    =       30      30      30     106     111     112     111
     159
i_4nsBgMean     =     2934    2937    2949    2912    2932    2941    2935
    2938
i_4nsBgSDev     =      135     134     136     135     136     138     129
     127
i_samp_pad      =        0       0       0       0       0       0       0
       0
i_comp_type     =    0   0   0   0   0   0   0   0
i_rng_wf        =   30  30  29  28  29  30  30  27  28  28  29  29  29  30  30
  29  29  29  29  29  29  29  30  29  29  29  29  28  28  29  29  29  29  29  28
  27  27  28  28  28  28  28  29  28  28  28  28  29  29  29  28  28  27  26  28
  28  29  29  28  28  28  30  29  27  28  29  30  28  28  30  31  29  30  31  28
  28  28  31  31  28  28  28  27  27  28  28  28  28  31  31  29  27  28  30  29
  30  31  30  29  28  31  32  32  28  28  29  29  29  31  31  29  27  28  31  32
  31  30  30  30  29  29  30  29  29  32  32  31  29  30  32  32  30  28  28  28
  27  30  31  32  32  28  28  28  28  29  29  29  29  28  29  30  30  31  29  28
  27  27  28  28  28  29  29  29  27  29  30  29  29  27  27  28  25  25  26  27
  28  29  31  30  28  28  30  30  28  28  28  30  30  30  30  28  29  30  31  31
  28  29  32  33  29  29  30  30  29  29  30  30  29  29  30  30  29  29  30  31
  29  28  28  28  28  29  30  30  28  28  28  28  28  28  28  28  27  28  28  28
  28  29  30  29  29  28  28  28  28  28  29  29  28  30  31  30  29  29  29  29
  29  29  29  29  29  29  29  29  29  29  29  30  31  31  29  28  28  29  32  32
  31  30  30  29  28  30  31  31  28  28  28  29  29  29  28  28  28  28  29  29
  28  29  29  29  28  28  28  28  28  30  30  30  29  29  29  29  28  28  28  28
  28  28  29  29  29  31  31  31  30  29  29  28  28  31  29  29  28  28  28  28
  28  29  29  29  28  28  28  29  28  29  30  29  28  28  29  29  28  28  28  28
  28  28  30  31  29  29  30  30  29  30  30  30  29  32  32  31  28  28  29  32
  29  29  28  27  25  28  31  31  29  29  30  30  28  28  29  30  29  29  30  29
  29  29  30  29  29  29  28  30  30  30  30  30  31  32  33  32  28  28  28  29
  29  31  31  31  31  31  32  32  29  29  28  28  25  26  29  31  29  29  28  28
  27  28  30  30  28  28  28  28  29  30  31  31  31  31  29  29  29  30  30  32
  30  29  29  27  25  28  29  29  27  27  28  28  29  30  32  32  29  29  29  29
  27  28  31  29  29  31  31  30  29  31  32  32  28  28  28  28  29  30  31  28
  27  28  29  29  29  29  29  29  29  30  30  29  28  28  29  29  28  28  28  28
  28  28  31  30  27  28  29  30  27  27  28  28  29  31  31  31  29  29  29  30
  28  28  28  27  27  28  31  31  28
  28  28  29  28  30  30  30  28  28  28  29  29  29  29  28  28  29  29  29  28
  27  28  29  29  29  29  28  28  30  30  29  28  27  27  28  28  28  28  28  27
  29  30  29  27  26  28  29  28  28  29  29  28  29  31  31  29  29  28  29  29
  29  28  28  28  29  29  28  28  28  32  32  28  28  28  28  27  27  31  31  29
  29  30  30  27  29  31  31  29  31  31  29  29  31  32  29  27  27  27  28  29
  31  31  29  28  28  29  29  28  28  29  31  30  30  30  29  28  28  31  31  28
  29  29  30  29  30  31  29  29  30  31  31  29  28  28  28  28  29  30  31  31
  29  28  28  28  29  29  28  28  28  30  31  29  29  28  28  28  28  29  29  29
  30  30  28  27  27  29  31  29  29  29  29  29  30  31  31  29  28  28  28  28
  29  30  32  29  29  28  28  28  29  30  29  29  29  29  30  29  29  29  28  27
  28  30  30  27  28  28  29  29  30  30  30  30  31  32  30  26  27  29  31  29
  29  30  30  30  31  31  29  29  31  31  31  28  28  28  28  28  28  30  28  27
  28  28  29  28  28  28  28  28  30  30  30  30  28  28  28  27  30  32  32  28
  28  31  32  30  31  31  30  28  29  31  29  29  31  31  31  29  28  28  29  29
  29  29  29  29  29  29  29  28  29  30  31  31  31  31  31  28  28  30  32  32
  30  28  27  25  27  28  28  28  27  29  30  29  29  29  29  28  29  31  29  29
  29  31  31  29  28  28  29  28  28  28  28  28  29  31  31  31  32  31  31  31
  31  32  32  32  31  29  28  27  28  32  32  29  29  29  30  30  29  31  29  28
  30  31  31  27  27  28  29  29  29  31  31  29  29  29  30  28  28  28  28  29
  30  31  30  28  28  28  28  28  31  31  31  28  28  28  28  28  28  28  29  29
  32  32  29  27  25  29  30  29  29  28  28  28  29  31  31  30  30  30  30  30
  31  31  29  27  28  29  29  29  28  28  28  28  29  29  29  29  30  31  30  28
  29  30  30  28  28  28  29  29  32  32  29  27  28  29  30  29  29  28  29  29
  29  29  28  28  29  30  32  31  28  28  30  30  30  29  28  28  28  31  31  28
  28  29  30  28  29  31  30  27  28  30  30  29  31  31  29  27  30  32  33  32
  31  31  28  28  31  31  31  27  27  28  29  31  31  31  31  29  29  29  29  28
  28  30  31  30  29  29  28  27  31  31  30  27  28  31  31  30  30  30  30  30
  31  31  29  28
  30  30  30  28  28  28  28  28  31  32  31  30  32  32  32  28  28  28  29  28
  29  32  32  29  28  28  28  29  30  30  30  28  28  29  31  32  32  30  29  29
  29  29  29  28  29  29  29  28  28  29  29  29  29  29  31  30  30  31  28  28
  29  31  31  28  28  28  30  30  32  32  31  29  29  31  29  28  28  30  32  29
  29  29  28  28  29  31  31  29  30  31  29  28  28  28  29  29  31  31  29  28
  28  28  29  29  30  33  32  29  28  28  28  26  27  29  29  28  30  31  31  29
  28  28  28  29  29  29  30  29  28  29  32  32  33  32  30  28  28  30  30  28
  28  29  29  29  29  31  31  29  29  29  29  29  28  30  31  30  30  30  28  27
  27  29  30  28  29  30  29  29  29  31  31  29  29  27  26  26  28  29  30  28
  27  26  25  25  28  29  28  27  28  29  29  29  28  28  28  27  30  30  29  28
  28  30  30  30  31  30  29  28  28  30  30  29  30  30  30  28  28  28  28  28
  31  30  30  29  29  30  30  30  31  32  30  28  28  28  28  28  28  28  29  29
  29  30  29  27  29  30  30  29  28  29  30  30  29  28  27  27  29  32  32  28
  28  28  28  29  29  30  30  29  30  29  28  28  28  31  32  29  29  30  32  32
  32  32  31  28  28  29  31  31  31  31  28  26  29  30  32  30  27  28  28  28
  30  30  29  28  29  31  31  28  31  32  32  29  26  28  28  29  31  30  28  26
  27  28  30  29  29  29  29  30  32  32  31  28  30  32  32  32  31  31  32  28
  28  28  28  27  28  31  30  28  28  30  31  31  31  31  29  27  29  31  29  27
  27  28  29  28  28  28  29  29  29  29  29  29  29  32  32  28  28  29  29  29
  31  31  31  29  29  31  31  29  29  29  29  29  32  32  29  28  28  29  29  29
  29  29  29  28  32  32  29  28  28  29  29  29  31  28  28  27  28  32  32  29
  29  29  29  29  29  30  29  28  31  32  31  28  28  31  32  30  29  28  29  29
  29  28  28  28  29  29  29  29  29  29  30  28  29  29  29  28  28  31  31  29
  29  29  29  29  31  31  31  30  29  30  31  30  29  29  28  27  28  29  29  28
  28  28  28  27  29  30  31  30  30  31  31  31  31  31  31  29  29  29  29  28
  31  32  29  29  29  30  30  30  30  29  28  27  29  32  33  32  32  32  31  31
  31  30  29  29  29  29  28  28  29  32  32  28  28  28  29  30  31  31  28  28
  29  32  32  32
  28  30  30  28  28  28  29  29  32  32  29  28  28  30  31  28  28  28  28  28
  31  30  29  29  32  33  33  30  28  27  27  27  29  30  29  28  28  28  28  27
  32  32  31  29  28  29  29  30  31  29  27  27  28  28  28  28  29  27  27  28
  31  33  33  31  31  30  28  27  31  33  34  33  31  31  31  32  32  32  30  28
  30  32  32  32  30  29  29  29  33  33  33  32  30  31  31  31  32  32  30  28
  29  31  32  30  32  33  33  32  30  31  32  32  33  33  36  36  36  33  31  31
  32  32  32  33  35  36  36  32  31  34  34  34  33  32  32  33  37  39  39  38
  38  38  37  38  38  38  38  38  38  36  36  36  38  38  37  35  35  38  38  34
  34  36  41  42  43  42  41  43  46  49  48  44  43  43  43  41  44  46  46  46
  46  47  47  45  48  53  57  58  59  60  60  64  71  77  78  75  72  69  67  59
  57  56  55  55  55  57  57  57  62  64  64  62  59  59  59  54  54  58  59  54
  53  53  53  53  57  62  62  62  63  64  64  62  59  54  49  46  48  53  53  53
  54  60  63  62  62  62  58  57  62  64  64  67  72  75  75  70  71  73  74  75
  78  79  81  83  83  83  77  70  67  69  72  72  76  77  75  76  83  87  89  87
  86  87  87  86  81  76  75  72  72  73  69  63  64  72  81  86  87  86  79  74
  74  75  75  74  75  75  75  68  65  65  70  72  75  77  75  70  70  75  78  81
  85  86  86  89  90  83  74  71  76  83  85  83  81  83  85  83  83  83  85  83
  80  80  81  81  86  93  95  90  85  86  92  92  86  80  77  78  89  99 102  97
  93  95  95  94  94  94  92  91  96 101 103 102  97  95  95  94  95  94  92  89
  91  97  99  96  92  90  94  99 107 114 114 112 113 115 113 106  98  92  86  83
  89  94  94  89  85  80  79  79  78  75  69  66  68  74  79  78  77  77  76  77
  77  75  75  68  67  69  67  62  61  62  62  61  62  63  58  54  55  57  62  60
  60  64  67  67  65  62  57  50  52  57  60  57  55  51  47  46  48  50  46  41
  40  43  46  45  45  44  43  42  43  43  41  40  42  44  45  42  38  38  38  38
  38  38  38  36  36  35  35  32  34  36  34  32  31  31  32  34  35  33  32  31
  32  32  32  31  32  32  32  31  31  31  32  32  33  33  33  33  34  33  32  30
  30  31  32  30  29  29  29  28  29  29  29  29  30  29  29  29  29  29  28  27
  29  32  32  29
  32  31  30  28  29  29  29  31  31  30  29  28  28  29  30  30  30  30  30  30
  32  32  32  32  32  33  33  29  29  29  28  28  31  31  30  30  31  31  32  32
  30  30  31  32  32  34  34  32  34  35  35  32  32  32  32  33  33  32  31  29
  32  32  32  32  30  30  30  30  32  34  33  32  30  30  32  32  32  32  31  31
  33  32  30  28  31  32  32  30  32  33  34  34  32  31  30  30  34  34  34  33
  32  32  32  32  33  34  36  34  34  34  32  30  32  32  32  34  35  35  34  34
  34  34  34  32  34  34  34  33  32  32  32  34  38  34  34  34  36  36  33  31
  31  33  38  40  39  36  30  28  30  32  34  34  36  38  36  32  32  32  34  36
  38  39  39  37  34  34  34  34  37  38  38  36  36  36  34  34  34  34  35  35
  39  40  40  38  36  38  40  41  41  41  39  36  36  36  40  43  44  43  39  38
  38  41  44  44  44  44  43  40  40  44  47  46  46  50  53  53  53  53  48  43
  43  47  47  43  39  39  42  42  43  44  44  43  43  46  48  45  43  44  48  49
  53  53  50  50  51  48  46  49  52  57  59  51  47  44  43  44  44  45  46  46
  47  51  56  56  52  48  48  48  51  54  57  57  53  52  51  51  54  59  59  51
  48  48  50  54  57  62  62  55  54  55  60  64  65  63  63  64  67  72  72  68
  62  59  62  65  72  75  72  62  59  61  65  66  69  73  73  72  72  68  66  69
  75  78  77  71  67  69  72  73  73  75  77  75  75  75  75  71  73  78  83  83
  86  89  86  85  89  97 100  93  89  89  89  86  81  79  80  80  80  76  70  68
  72  80  83  79  75  74  73  74  79  81  78  72  73  78  86  89  87  83  78  77
  77  77  77  75  75  77  79  79  81  82  82  81  83  89  89  78  74  77  83  86
  92  95  95  90  90  97 108 115 119 119 115 106 105 108 114 118 118 118 115 108
 105 105 102  96  96  96  93  89  89  87  86  85  85  83  83  83  81  77  73  70
  70  73  73  64  60  59  57  54  54  57  57  53  52  54  56  58  60  61  58  53
  53  53  52  53  53  52  50  47  46  44  42  38  38  41  43  43  42  41  38  34
  34  32  32  32  33  33  33  33  33  33  33  33  33  32  32  31  31  32  32  31
  31  31  29  27  29  31  32  30  30  30  30  30  31  32  31  29  30  31  31  29
  28  29  29  30  32  32  30  29  31  31  32  31  30  31  31  31  30  29  28  27
  27  28  28  28
  27  31  33  33  33  33  31  28  28  31  33  32  32  31  28  28  29  30  32  34
  33  29  29  31  34  34  32  31  31  32  33  30  29  29  29  28  32  32  30  29
  29  31  30  29  30  33  34  32  32  31  27  27  29  31  33  32  32  30  28  28
  30  32  33  33  34  33  32  31  31  31  31  31  32  32  32  34  32  29  28  28
  32  34  34  32  32  32  33  33  32  32  32  32  32  32  32  29  28  29  33  34
  34  34  32  32  32  31  32  32  34  38  34  31  31  32  34  34  36  35  34  33
  32  32  30  30  32  34  37  37  36  34  32  33  34  36  38  40  40  41  41  39
  37  34  33  33  36  41  41  41  40  36  33  32  36  39  41  39  36  36  38  38
  38  38  38  40  44  44  44  44  45  45  44  43  41  41  41  38  38  38  38  38
  40  40  40  40  42  44  44  44  43  42  41  40  44  44  43  44  46  48  48  48
  47  44  43  43  44  43  43  44  44  45  48  49  48  45  48  49  47  41  39  39
  38  42  46  47  47  47  48  48  53  54  54  49  43  41  40  41  49  54  54  50
  51  51  50  50  48  48  48  47  47  45  45  45  46  49  49  48  49  53  54  54
  54  54  51  51  56  59  57  56  56  56  55  55  56  55  53  48  48  50  54  53
  50  53  53  54  57  58  57  53  56  60  60  60  60  63  63  61  63  65  64  59
  59  63  68  70  70  70  65  60  64  71  75  73  75  80  83  83  83  79  74  69
  75  79  77  69  67  70  78  80  77  76  76  78  83  83  79  72  73  76  83  88
  89  89  89  82  81  85  88  89  93  95  94  83  75  78  83  88  91  91  89  85
  86  93  95  94  92  89  86  83  83  79  76  77  83  85  82  75  69  69  74  78
  79  76  69  63  69  77  81  81  75  73  72  69  75  85  89  83  77  78  82  89
  95  97  95  89  87  92  99  97  94  94  95  97 100 100  94  89  94 108 115 114
 112 108 108 114 120 120 112 102  98 101 105 103 102 102 103 105 108 108 106 101
 103 104 103 103 111 123 129 123 113 105 103 106 113 117 116 107  98  98 102 104
 103 101  97  94  97 102 105 105 103  98  97  96 102 111 116 111 105 103 103 101
 100  99  97  89  86  93 104 108 108 102  97  94  91  86  81  75  74  76  77  71
  66  61  59  54  53  53  49  46  47  50  49  42  39  39  41  43  44  44  39  34
  32  34  35  38  38  38  38  38  40  40  40  40  40  36  34  32  33  34  34  33
  33  33  33  32
  33  31  31  30  30  31  31  31  32  34  32  29  28  31  31  29  29  30  31  30
  32  32  32  32  32  32  33  34  34  33  32  30  32  33  34  32  31  32  32  32
  33  32  31  29  31  31  32  32  32  32  32  32  34  34  32  30  31  31  29  29
  30  32  32  32  32  32  32  32  32  32  32  32  33  32  32  32  32  32  32  30
  33  34  36  36  36  36  32  29  32  34  34  34  33  32  29  29  31  33  33  32
  32  33  34  34  34  34  33  34  35  34  34  34  36  36  34  32  32  32  33  33
  33  33  32  31  32  32  34  34  36  36  36  36  36  36  34  32  31  32  32  33
  34  34  34  34  36  36  36  36  37  38  37  33  34  35  38  40  40  40  36  34
  36  36  35  34  35  39  41  41  40  40  41  41  41  40  40  40  42  42  41  40
  38  38  36  36  39  42  44  41  39  38  38  39  40  40  38  34  34  34  38  38
  41  41  39  39  40  41  41  38  38  36  36  37  38  38  38  38  41  45  46  41
  36  36  40  40  42  44  43  44  45  50  48  42  43  43  44  46  48  48  46  46
  49  54  59  61  59  51  48  49  51  53  54  51  48  53  60  63  65  62  56  51
  53  58  61  57  55  54  54  57  62  63  62  59  62  65  62  57  55  56  57  60
  60  57  56  56  62  68  69  64  61  62  62  61  62  63  61  59  59  61  65  67
  71  72  70  65  64  64  65  67  70  69  68  68  68  68  68  63  61  63  68  72
  81  83  80  73  69  72  76  78  78  75  73  70  75  81  87  89  91  91  91  89
  89  93  93  87  87  93 102 107 107 104 102 101 104 106 105  99  97 102 109 114
 115 116 113 106 101 101 102 101 103 104 107 107 106 105 101 100 107 111 112 113
 115 117 117 115 113 110 106 100  98 100 102 100  98  95  94  94  93  93  95  93
  90  85  78  72  72  75  77  77  76  73  70  71  73  77  81  83  85  85  85  84
  81  78  73  71  77  83  89  90  91  90  91  94  97 101 104  97  90  87  87  89
  93  96  93  81  76  82  90  91  90  87  81  81  91  97  97  94  92  95 103 109
 110 106 101  98 105 108 106 101  95  93  93  91  88  85  83  81  83  93  96  89
  82  77  75  73  73  73  66  58  57  57  58  58  57  56  56  54  54  53  51  50
  50  50  50  50  50  50  50  49  50  54  56  51  48  48  48  44  44  46  45  42
  41  39  38  36  40  44  44  41  39  39  39  38  38  38  38  38  40  38  38  38
  36  35  34  32
  29  29  30  28  29  32  32  31  31  31  30  30  31  30  30  30  30  30  31  31
  31  30  31  31  31  32  32  32  32  33  33  30  27  29  31  30  30  31  31  29
  29  31  31  32  34  32  31  30  31  31  32  31  32  31  31  31  31  32  31  31
  32  29  29  29  31  31  31  31  29  28  30  31  32  32  31  31  32  32  31  29
  29  34  36  32  36  38  41  45  56  63  62  58  56  54  54  54  56  55  51  44
  44  47  53  60  62  64  63  60  58  54  56  59  59  57  54  48  47  50  54  56
  59  59  57  52  52  53  51  48  47  48  51  52  56  59  59  50  47  50  54  54
  54  56  57  57  61  63  62  54  53  54  55  54  54  56  55  54  59  62  68  72
  73  70  64  60  62  70  76  76  73  71  68  66  71  76  77  75  75  80  86  87
  89  94  96  95  95 100 104 106 109 115 120 122 131 144 157 165 168 166 161 155
 155 158 163 164 162 162 162 157 150 150 156 155 149 146 143 143 151 160 159 147
 136 128 125 120 118 119 115 104 103 103 103 101 101  97  90  86  87  87  85  75
  68  68  70  73  76  73  70  70  72  72  72  67  62  61  63  62  61  61  59  54
  54  59  60  57  56  56  56  56  61  63  64  61  58  59  59  59  60  59  56  54
  60  61  58  56  56  56  54  50  48  50  56  56  60  62  59  57  60  63  64  66
  75  83  85  80  79  79  77  75  76  79  86  89  91  92  92  92  96  98  98  94
  93  95  95  89  89  91  97 101 102 102 103 102 101 101  97  91  85  83  82  78
  76  73  70  69  69  69  67  65  67  69  70  70  70  69  69  70  73  72  66  59
  57  55  54  51  49  46  46  46  46  45  44  40  40  41  40  38  38  36  34  34
  36  36  34  32  32  32  31  29  31  31  29  29  31  32  32  32  32  32  32  31
  31  32  32  31  31  31  31  31  31  31  28  28  32  32  32  29  29  32  32  30
  31  32  31  29  31  31  29  28  28  28  28  28  29  29  29  29  30  31  30  29
  28  29  29  28  28  28  28  28  29  30  30  29  29  31  31  31  31  30  30  30
  30  30  29  29  29  30  30  28  28  28  30  30  29  29  28  28  29  29  28  28
  29  31  32  29  29  29  29  29  29  28  28  28  30  31  32  30  30  29  27  25
  26  28  29  29  29  29  30  30  30  30  30  30  30  30  30  28  28  28  28  28
  29  29  29  29  29  31  31  31  31  30  29  27  28  28  28  28  28  29  29  30
  31  30  30  29
i_gainStatus    =    1   1   1   1   0   0   0   0
i_NumCoinc      =    0   0   0   6   6   6   6   6
i_rawPkHt       =   33  33  34 115 119 123 117 168
i_spare2        =    0   0   0   0   0   0   0   0   0   0   0   0   0   0   0
   0   0   0   0   0   0   0   0   0   0   0   0   0   0   0   0   0   0   0   0
   0   0   0   0   0   0   0   0   0   0   0   0   0   0   0   0   0   0   0   0
   0   0   0   0   0   0   0   0   0   0   0   0   0   0   0   0   0   0   0   0
   0   0   0   0   0   0   0   0   0   0   0   0   0   0   0   0   0   0   0   0
   0   0   0   0   0   0   0   0   0   0   0   0   0