=GLA01
version=v6_0
type=LONG
i_rec_ndx       =    241455442
i_UTCTime       =    118796744      274202
i_gla01_rectype =        2
i_Spare1        =        0
i_filtnum       =    5   2   3   3   3   3   3   5
i_shot_ctr      =      161     162     163     164     165     166     167
     168
i_statflags     =            0           0           0    66326527    66326527
    66326527    66326527           0
i_gainSet1064   =      145     107      94     171     195     195     195
     195
i_4nsPeakVal    =      136      60      92      32      34      32      32
      39
i_8nsPeakVal    =      130      56      88      30      32      30      30
      50
i_4nsBgMean     =     2929    2929    2927    2925    2934    2927    2942
    2947
i_4nsBgSDev     =      122     109     108     132     147     145     146
     145
i_samp_pad      =        0       0       0       0       0       0       0
       0
i_comp_type     =    0   0   0   0   0   0   0   0
i_rng_wf        =   30  30  30  29  30  28  28  28  28  29  30  31  32  32  32
  27  27  28  30  30  32  31  30  28  28  29  28  28  30  31  31  29  28  28  29
  30  32  32  30  30  29  27  28  28  31  32  31  31  29  29  30  29  29  29  31
  31  32  33  33  29  29  29  29  29  29  30  31  28  28  27  28  29  29  31  31
  30  30  29  29  28  29  32  32  32  29  28  28  28  29  31  31  31  32  31  31
  30  28  28  28  28  29  29  30  28  28  29  30  30  30  31  31  29  29  29  30
  29  30  31  31  32  32  32  31  29  29  29  32  31  31  32  31  29  29  27  25
  27  31  31  32  32  33  34  32  30  30  32  33  30  27  25  25  29  31  30  30
  32  36  37  36  32  31  32  34  33  34  35  35  36  36  35  34  34  36  41  44
  43  44  45  49  54  58  60  57  57  62  64  63  62  59  50  50  56  67  73  75
  79  89  99 115 122 121 117 117 120 125 130 130 121 114 114 115 112 107 100  93
  94 105 115 115 107 102 102 107 110 113 118 122 124 128 131 132 133 138 141 140
 131 122 122 123 124 126 128 128 125 120 117 114 109 108 109 106 102 100  97  96
  93  90  89  91  91  94  94  93  89  89  93  94  92  91  91  89  86  89  93  93
  90  87  86  86  87  90  90  87  81  83  86  85  81  78  78  80  82  88  89  84
  76  72  72  72  72  72  74  76  78  79  79  78  75  75  75  73  73  78  88  93
  93  93  93  91  89  89  90  92  93  93  89  85  85  85  85  81  78  81  84  90
  96 100 102 101  96  94  89  82  73  70  71  71  67  63  59  57  57  55  51  44
  38  41  45  45  44  40  39  38  38  40  40  40  38  37  35  34  34  35  36  36
  34  36  36  36  35  36  36  34  34  38  38  37  37  38  35  34  33  33  34  34
  32  33  35  36  34  32  31  32  32  36  37  35  32  29  31  32  32  33  32  32
  29  29  32  32  30  30  30  29  28  28  31  31  29  29  29  29  29  30  31  31
  31  31  31  31  30  30  32  32  29  29  30  30  30  29  29  31  29  29  29  30
  30  29  30  30  29  29  29  30  28  28  28  29  28  29  30  29  27  28  31  31
  28  28  28  28  29  30  31  31  29  29  28  28  28  29  29  29  29  29  29  29
  29  30  29  29  28  29  29  29  29  28  29  29  29  30  29  28  27  28  30  30
  28  28  29  29  29  29  29  29  29  29  29  29  29  29  29  29  29  30  29  29
  28  28  29  29  29  29  29  29  28
  28  28  29  29  31  31  31  30  31  32  31  28  29  30  32  30  31  31  29  29
  29  30  30  29  30  30  30  30  31  31  31  31  32  32  31  31  32  32  34  33
  34  34  36  37  37  38  37  36  37  37  37  36  36  36  35  36  38  43  46  46
  48  51  54  54  58  62  62  61  59  57  57  57  55  54  51  47  47  45  44  41
  40  40  39  39  41  44  45  42  39  37  37  37  37  37  34  34  34  34  34  34
  36  36  36  35  35  35  35  34  34  34  35  36  38  38  38  35  35  36  36  34
  35  35  35  34  36  36  36  36  36  38  39  38  36  34  36  36  37  38  38  39
  41  41  40  38  39  38  37  36  36  36  36  34  34  34  36  37  38  38  38  36
  34  34  34  34  34  37  38  36  34  33  33  32  35  35  35  34  35  35  34  34
  34  34  34  32  32  32  32  31  31  31  31  29  30  30  30  30  30  31  31  31
  31  32  32  31  32  31  30  28  28  30  32  34  34  34  34  32  32  32  32  29
  29  30  30  29  30  31  28  28  28  28  29  29  33  34  32  30  30  31  31  29
  29  29  29  29  31  32  31  28  28  29  30  32  33  32  31  30  30  30  30  31
  32  32  31  31  31  29  29  29  31  32  32  31  32  32  32  32  32  32  32  28
  29  30  29  29  30  31  31  29  30  30  30  31  31  31  29  28  31  33  32  30
  31  31  32  29  29  31  30  31  31  31  31  29  31  32  32  31  31  30  28  28
  30  31  31  32  31  28  28  28  31  32  32  31  31  31  29  28  29  29  29  28
  29  32  32  30  30  31  31  29  29  29  29  29  30  30  29  28  28  32  32  30
  30  31  31  29  29  29  29  29  29  29  29  28  27  27  27  27  28  29  29  29
  28  28  29  28  28  30  31  28  28  30  30  29  29  30  30  29  29  30  31  29
  29  29  29  29  29  30  30  30  30  30  30  28  28  29  29  30  31  31  31  29
  29  32  32  31  32  32  30  28  29  31  32  29  29  29  30  29  30  32  32  29
  29  31  30  28  28  29  31  29  30  31  29  28  29  31  31  29  29  29  29  29
  30  30  30  30  30  30  29  28  28  28  29  28  28  29  28  28  29  29  29  27
  27  29  29  29  30  30  30  29  28  28  28  28  29  29  29  28  31  31  29  29
  30  30  30  30  30  29  29  29  29  29  29  29  29  29  30  29  28  29  29  28
  29  30  30  28  29  31  31  31  31  31  31  29  30  30  29  28  29  31  28  28
  31  29  29  29
  31  32  32  30  31  32  31  30  31  31  32  32  32  31  31  31  31  32  31  31
  31  29  28  29  32  32  32  31  32  32  30  31  31  29  28  26  31  33  33  32
  32  32  30  29  31  32  32  31  31  31  31  30  33  35  34  34  36  37  38  37
  38  39  41  42  47  53  57  61  66  71  72  73  77  85  86  81  81  83  85  86
  89  96  96  92  92  90  86  85  87  87  85  80  76  75  75  71  69  71  72  68
  67  65  60  54  52  50  50  51  51  50  48  47  48  50  50  50  50  50  48  47
  48  49  50  48  52  54  54  51  48  48  45  44  45  45  45  45  50  51  50  48
  47  49  52  52  51  52  52  53  54  57  57  53  51  53  58  60  62  63  62  56
  54  56  56  51  48  48  48  49  50  49  48  45  45  46  47  48  48  50  51  49
  48  44  41  40  43  45  46  44  42  42  42  41  43  44  44  43  44  48  49  48
  44  44  44  44  45  49  49  46  45  47  49  49  49  49  49  47  47  47  48  47
  49  49  49  49  49  48  48  48  51  51  51  50  47  45  47  47  47  45  43  40
  40  42  45  46  46  46  44  43  43  44  44  41  41  40  40  40  43  44  44  43
  43  45  44  42  42  41  42  42  42  41  40  39  38  38  38  39  41  40  40  38
  38  37  35  33  34  34  34  33  32  31  31  31  31  32  32  32  33  33  30  30
  32  32  32  29  30  32  32  31  31  31  31  29  31  32  32  29  29  30  29  29
  30  31  31  30  30  31  32  29  30  32  32  32  30  30  30  29  29  32  32  29
  29  30  30  29  30  31  32  28  28  28  28  28  29  31  31  28  28  29  29  29
  29  30  31  29  31  32  31  28  27  31  33  32  31  31  31  29  29  31  31  29
  29  30  30  29  29  31  32  29  29  29  29  29  31  31  31  30  29  29  29  29
  29  29  28  28  29  30  29  29  29  29  30  29  29  29  29  29  30  30  30  28
  28  28  29  28  29  29  28  28  28  29  29  29  30  30  31  30  31  31  31  30
  29  29  29  29  29  29  29  28  28  29  31  29  29  29  29  29  29  29  30  29
  30  31  29  28  27  29  30  29  29  30  29  28  31  31  31  29  29  29  29  29
  29  29  29  29  30  29  29  29  29  29  29  28  29  29  29  28  28  29  30  29
  29  29  29  29  29  29  31  29  29  29  29  30  29  29  28  28  30  30  29  28
  31  32  32  32  31  30  29  29  29  29  32  29  29  32  32  30  29  29  30  28
  29  29  29  29
  28  29  29  29  30  30  29  28  30  30  29  29  29  29  29  29  29  29  29  28
  28  28  28  28  28  29  29  28  28  27  28  28  29  30  30  30  30  30  31  29
  28  29  29  29  30  30  30  28  27  30  31  30  29  29  30  27  29  31  31  29
  29  30  30  29  29  28  28  27  27  27  27  28  31  32  32  29  28  28  29  29
  30  30  31  31  29  29  29  28  29  30  29  27  29  30  30  28  28  28  28  29
  29  28  29  28  30  32  32  31  30  30  30  28  28  28  28  28  29  31  31  31
  32  32  32  28  29  30  32  32  32  32  29  29  29  29  28  27  27  27  29  30
  31  29  29  28  28  30  30  30  29  29  31  28  28  32  32  31  30  31  31  29
  29  31  31  28  29  31  29  29  31  31  30  29  30  31  32  31  30  30  29  29
  29  29  30  29  29  30  31  31  31  29  29  27  27  29  29  28  28  30  31  27
  27  29  32  32  32  31  29  28  31  32  30  27  27  28  30  28  27  28  29  29
  31  31  30  27  27  30  30  29  29  29  28  25  28  31  31  29  29  28  29  29
  30  30  29  28  28  28  30  31  32  32  32  29  29  29  28  28  29  30  30  28
  28  28  28  28  29  31  32  29  28  28  31  30  30  30  28  28  28  29  28  25
  26  28  28  28  29  31  32  31  31  31  30  30  30  30  30  28  28  28  28  28
  29  32  32  28  28  28  29  28  29  31  29  28  28  28  30  29  28  28  28  27
  29  30  30  28  28  30  32  30  30  31  31  29  29  30  30  29  29  29  30  30
  29  28  28  28  32  32  30  29  29  31  32  30  30  29  30  31  31  32  32  29
  29  29  28  27  29  31  31  28  28  29  29  29  29  30  29  29  31  31  30  28
  28  32  32  29  29  29  29  29  29  31  32  30  29  29  29  28  30  31  31  30
  31  31  30  28  29  29  29  29  29  29  29  29  30  29  29  29  30  30  30  28
  29  32  33  31  31  31  31  29  29  29  30  29  29  31  31  30  30  30  30  29
  29  29  29  29  29  29  29  28  28  28  28  27  28  29  29  29  29  29  29  29
  29  28  28  28  28  28  28  28  28  29  30  29  29  29  29  28  31  32  29  28
  28  32  32  29  28  28  28  28  29  30  31  29  29  28  29  30  30  30  30  28
  31  33  31  27  27  30  30  29  31  31  29  27  29  31  29  29  30  31  32  31
  31  31  31  31  31  28  28  28  29  29  29  31  32  32  32  29  29  29  29  31
  31  31  31  27
  27  28  29  29  30  29  30  29  29  29  30  32  31  29  29  29  29  29  28  24
  27  29  29  29  29  30  29  29  30  28  29  29  29  29  29  28  30  30  30  27
  26  27  30  30  29  28  28  28  28  30  31  28  28  28  28  27  27  30  31  29
  28  28  28  28  29  30  32  29  28  28  28  27  27  29  28  27  29  31  31  29
  28  28  28  28  31  31  28  27  28  31  32  29  29  29  29  30  30  30  30  28
  29  30  31  29  29  29  29  29  29  30  30  28  29  29  30  30  31  31  30  30
  32  32  32  32  30  27  28  28  29  29  31  31  32  32  31  31  31  31  30  28
  29  29  29  28  28  28  28  28  31  32  31  30  30  29  28  29  31  32  32  31
  30  28  28  28  28  29  29  29  29  29  29  28  28  28  29  28  29  29  28  28
  28  28  28  27  30  32  32  29  29  29  29  29  30  30  29  27  27  28  29  29
  29  30  28  27  28  29  29  29  29  30  32  32  30  28  28  29  29  29  29  28
  29  29  29  28  28  30  30  28  29  29  29  29  29  31  31  29  29  29  29  29
  29  30  29  28  28  29  29  29  29  31  31  31  29  28  28  28  29  29  29  27
  31  31  29  28  28  31  28  28  29  28  29  28  28  28  27  27  30  30  29  27
  28  32  32  31  31  29  29  29  28  28  28  27  29  29  30  29  29  31  29  28
  28  29  30  27  28  31  31  28  30  31  30  29  28  28  28  27  28  28  27  26
  28  31  31  28  27  28  29  29  32  32  32  29  29  31  31  31  31  30  28  27
  28  28  29  28  29  29  27  27  28  28  29  28  28  28  28  28  29  28  28  28
  28  29  28  29  31  28  28  27  28  32  32  31  28  28  31  33  32  29  27  25
  29  29  29  28  27  27  29  29  29  29  29  28  29  29  28  28  28  29  29  30
  30  28  28  27  28  28  28  28  28  29  29  29  29  29  29  28  28  29  29  29
  29  29  29  29  29  31  32  31  32  30  28  28  28  31  32  30  31  32  31  28
  29  31  30  28  27  28  29  29  29  28  28  27  28  28  28  28  28  28  28  28
  29  29  29  28  28  29  29  29  31  31  30  27  27  28  28  27  31  32  30  28
  28  29  32  29  28  27  27  27  29  32  31  29  29  29  29  29  32  32  29  27
  28  28  30  29  28  28  28  28  29  29  30  29  28  28  29  29  29  29  31  31
  29  29  28  28  30  30  28  27  27  29  30  28  28  28  28  28  29  30  29  29
  29  28  28  28
  29  29  29  29  29  29  29  28  28  28  28  28  28  30  31  31  32  32  31  28
  28  28  28  29  30  30  29  28  29  31  32  31  31  30  29  29  29  29  29  28
  29  31  31  28  28  30  29  28  31  31  29  27  27  28  29  29  29  29  29  29
  30  31  31  28  29  30  32  30  29  29  29  29  31  30  28  25  27  30  31  28
  28  29  30  29  28  29  28  27  31  31  29  27  27  31  32  29  28  28  28  28
  29  31  30  29  30  31  30  28  27  27  27  27  28  28  29  28  29  30  29  29
  29  30  30  30  30  29  29  30  32  30  29  29  29  29  28  28  28  27  30  31
  29  29  28  28  30  29  29  29  27  27  29  31  34  34  31  27  26  28  30  29
  29  29  29  28  28  29  29  29  29  29  29  28  28  28  28  28  29  29  30  31
  31  31  28  27  28  28  29  28  28  29  30  31  32  32  31  28  29  29  28  28
  31  31  29  29  31  32  31  28  28  28  29  29  29  29  29  28  28  28  28  28
  28  28  30  29  32  32  29  28  28  31  31  30  30  31  32  29  28  25  25  27
  29  30  31  31  31  28  28  28  30  30  30  31  31  32  32  29  28  27  28  28
  29  29  30  30  29  29  28  28  29  29  29  27  28  31  32  31  32  32  29  27
  28  29  29  29  30  30  28  26  27  28  29  28  28  28  27  27  29  29  28  28
  28  28  29  28  28  28  28  27  29  30  28  27  27  27  29  29  29  29  28  28
  30  30  30  30  28  28  28  28  31  29  29  28  29  30  29  28  28  28  27  25
  25  27  28  28  29  29  29  27  27  29  30  29  29  29  29  29  29  30  28  28
  28  28  28  28  31  31  31  28  28  29  29  29  29  29  29  29  31  32  31  28
  28  29  31  28  28  28  28  27  28  28  28  26  27  28  29  30  31  31  29  28
  28  29  31  29  29  28  27  28  31  31  29  28  28  32  33  29  29  29  29  29
  30  31  30  29  31  31  31  28  28  29  30  30  30  30  29  28  28  28  28  28
  31  31  29  28  28  29  30  30  30  30  29  28  29  29  29  29  28  28  28  28
  29  29  29  28  29  29  30  30  29  29  28  29  29  29  29  28  28  28  31  31
  32  32  31  28  28  29  29  28  29  30  30  30  31  31  31  29  30  31  29  28
  31  32  29  27  27  28  29  28  29  28  28  27  30  31  29  29  31  32  30  28
  28  28  29  30  30  30  30  28  30  32  31  28  28  28  29  29  29  28  28  28
  28  28  28  28
  28  28  27  25  29  30  30  28  28  30  32  30  30  30  27  27  31  31  28  27
  28  28  32  32  31  29  27  25  28  29  29  27  27  29  29  28  28  28  28  28
  29  30  31  30  31  31  31  30  30  30  30  28  29  28  28  28  30  30  29  28
  29  32  32  31  30  28  28  29  32  32  29  28  29  30  29  28  28  29  32  30
  29  29  27  27  28  30  31  28  28  28  26  26  28  30  31  29  29  30  31  31
  32  31  29  28  28  29  29  27  28  29  29  28  29  30  29  29  30  30  29  29
  31  31  29  28  28  28  30  31  31  32  31  31  31  29  29  28  28  29  29  28
  29  29  29  29  29  30  28  28  30  29  29  27  27  28  29  30  30  29  29  29
  29  29  28  28  30  30  30  30  29  32  32  31  31  29  29  29  29  31  31  29
  29  29  28  28  29  31  33  29  29  29  28  28  28  30  30  29  29  28  30  31
  31  31  29  28  29  29  29  29  28  28  30  31  31  29  28  28  29  31  31  29
  29  29  30  28  28  29  28  27  29  31  29  29  29  29  30  29  29  27  26  27
  29  32  29  28  28  29  29  28  28  28  27  27  27  29  30  30  32  32  32  29
  29  29  30  30  30  30  29  28  30  31  31  29  29  29  29  28  28  28  30  30
  29  29  29  28  29  30  29  27  28  31  31  30  32  31  29  28  30  32  32  29
  28  28  28  28  28  28  28  27  28  28  28  28  28  29  28  27  30  30  30  29
  29  29  29  30  30  28  28  27  28  28  28  27  29  29  29  29  28  29  29  29
  30  30  31  29  29  29  31  31  29  27  26  27  28  28  28  28  28  28  31  31
  29  29  29  28  29  29  29  26  27  31  31  30  30  30  30  29  30  31  31  28
  29  31  31  30  30  31  29  28  31  31  29  27  28  30  30  28  28  28  27  26
  28  32  32  29  32  31  28  28  28  30  30  29  30  29  30  30  28  27  27  29
  30  29  30  31  29  28  30  31  33  34  32  28  27  29  30  29  29  32  33  29
  29  30  29  27  27  31  31  29  28  28  29  29  32  31  28  28  28  28  29  28
  28  29  29  29  29  29  30  30  29  29  29  28  29  29  31  28  29  31  31  31
  29  30  29  27  28  28  28  28  28  31  30  29  29  29  29  29  29  31  31  31
  32  32  32  32  32  32  30  28  28  28  29  28  29  31  29  28  29  30  30  28
  28  28  29  28  30  31  31  32  32  31  29  28  28  28  31  31  31  29  28  27
  27  28  30  31
  34  34  32  28  27  30  32  32  30  29  27  27  31  31  29  27  27  28  30  30
  30  30  28  27  28  28  30  29  29  29  28  29  32  32  32  29  27  28  31  31
  30  29  28  28  29  31  29  25  25  29  32  29  31  31  30  30  31  31  31  29
  30  30  29  28  30  31  30  30  31  30  29  29  31  32  32  31  29  29  28  27
  28  29  29  28  31  31  31  28  28  28  28  29  30  30  29  28  31  32  32  31
  31  31  30  31  32  32  33  33  33  32  31  31  32  33  32  31  31  32  34  35
  38  38  38  36  36  36  36  38  37  37  36  34  36  38  39  39  39  36  34  34
  35  38  40  39  37  36  39  40  41  41  39  38  38  38  38  35  35  36  37  37
  40  40  39  38  40  48  49  49  50  53  54  53  54  54  50  46  44  48  48  45
  44  40  37  37  40  40  40  35  34  34  36  38  38  38  38  37  38  38  37  38
  38  35  35  35  35  35  35  32  32  34  40  40  37  33  32  33  36  34  33  32
  36  41  43  43  39  37  36  38  44  42  38  36  38  41  42  40  38  41  41  41
  40  38  37  37  43  45  45  44  44  46  48  47  49  46  43  42  43  43  41  36
  34  37  37  36  35  35  39  43  47  48  48  47  45  46  48  47  44  41  40  40
  42  41  38  36  36  39  40  38  38  38  40  40  43  44  44  41  38  37  38  41
  45  45  41  36  37  40  41  41  37  35  34  32  34  34  36  36  38  39  37  33
  33  36  36  37  39  39  38  37  37  36  36  37  38  38  38  35  34  34  37  38
  37  34  32  32  35  38  38  36  34  33  33  33  34  36  36  32  30  32  33  34
  34  32  33  33  36  36  34  32  32  32  32  32  32  32  32  29  29  29  29  28
  29  32  32  31  31  31  31  29  31  32  31  30  29  29  30  29  30  28  28  28
  28  29  30  30  31  33  31  27  28  29  30  29  31  31  30  30  30  32  32  29
  29  28  27  28  31  31  30  28  28  32  32  32  30  29  29  27  28  29  29  31
  32  31  29  29  31  32  32  28  28  29  31  31  28  28  29  29  30  29  29  28
  29  31  31  28  27  28  28  28  28  31  31  28  28  28  28  27  27  29  30  30
  30  30  30  27  28  30  31  31  31  31  29  27  31  31  30  27  27  28  29  30
  31  32  32  28  28  31  32  32  32  31  30  29  28  28  28  28  28  29  28  27
  29  31  31  31  31  31  29  28  28  28  29  29  29  30  30  30  30  29  29  28
  29  30  31  31
i_gainStatus    =    0   0   0   0   1   1   1   1
i_NumCoinc      =    6   6   6   0   0   0   0   6
i_rawPkHt       =  140  62  96  33  36  34  34  54
i_spare2        =    0   0   0   0   0   0   0   0   0   0   0   0   0   0   0
   0   0   0   0   0   0   0   0   0   0   0   0   0   0   0   0   0   0   0   0
   0   0   0   0   0   0   0   0   0   0   0   0   0   0   0   0   0   0   0   0
   0   0   0   0   0   0   0   0   0   0   0   0   0   0   0   0   0   0   0   0
   0   0   0   0   0   0   0   0   0   0   0   0   0   0   0   0   0   0   0   0
   0   0   0   0   0   0   0   0   0   0   0   0   0