=GLA01
version=v6_0
type=LONG
i_rec_ndx       =    241455442
i_UTCTime       =    118796744      274202
i_gla01_rectype =        2
i_Spare1        =        0
i_filtnum       =    4   5   5   5   5   5   5   5
i_shot_ctr      =      169     170     171     172     173     174     175
     176
i_statflags     =            0           0           0           0           0
           0    66326527    66326527
i_gainSet1064   =      195     195     250     250     250     250     250
     250
i_4nsPeakVal    =       44      52      42      41      42      51      32
      33
i_8nsPeakVal    =       47      59      93      65      57      57      30
      32
i_4nsBgMean     =     2937    2935    2945    2948    2948    2939    2925
    2941
i_4nsBgSDev     =      145     148     171     167     170     170     167
     171
i_samp_pad      =        0       0       0       0       0       0       0
       0
i_comp_type     =    0   0   0   0   0   0   0   0
i_rng_wf        =   29  32  34  32  32  32  31  29  30  30  30  29  29  31  29
  29  29  29  30  29  29  29  29  31  33  33  32  31  31  31  32  32  31  29  29
  30  32  33  32  31  32  32  32  29  28  30  32  30  29  31  32  32  32  31  32
  33  36  36  33  32  32  33  34  35  38  38  36  35  35  36  34  32  33  35  37
  37  36  35  35  35  36  37  38  39  38  37  34  33  37  36  36  35  36  41  45
  46  46  44  41  40  38  35  35  35  38  43  44  44  44  47  49  50  50  46  41
  36  38  45  48  46  42  40  40  42  48  51  50  45  41  42  44  47  52  54  54
  54  53  48  41  38  41  42  41  38  38  40  40  40  41  40  41  41  45  45  43
  38  38  44  44  43  43  41  38  37  39  41  42  43  48  53  54  51  49  48  44
  42  41  40  38  34  36  37  34  32  31  31  33  34  34  34  34  36  37  37  37
  37  38  37  35  32  34  34  34  33  32  33  34  34  34  32  32  32  34  33  32
  32  32  34  34  32  33  35  36  36  36  34  33  32  32  32  32  32  32  31  32
  32  33  33  31  31  32  34  34  31  31  31  28  28  30  31  31  30  31  32  32
  32  32  28  29  29  32  33  32  31  31  29  29  28  28  28  28  28  28  29  31
  32  32  31  31  31  32  32  32  31  31  30  30  31  32  32  32  31  32  32  32
  29  32  32  32  28  28  30  30  30  31  31  32  29  29  32  32  30  29  29  31
  32  32  31  29  28  28  30  30  28  28  29  29  29  31  30  30  27  27  28  31
  32  30  29  28  27  28  28  30  30  30  30  32  32  29  29  29  27  28  29  28
  24  27  31  32  29  29  31  32  29  30  30  30  29  29  31  31  30  29  28  28
  28  28  28  28  28  28  29  28  28  28  28  29  29  29  29  29  28  29  29  28
  28  28  28  28  28  27  28  29  28  29  28  25  26  27  30  32  31  30  29  29
  28  28  28  28  28  29  31  31  28  28  28  29  29  31  31  29  28  28  29  30
  29  30  30  31  28  28  28  28  28  29  29  29  29  29  29  29  29  31  32  30
  29  29  29  29  29  30  29  29  29  29  32  32  30  30  32  31  28  29  31  31
  29  29  31  29  29  29  30  30  28  28  28  29  29  32  32  31  28  28  28  29
  28  28  29  31  29  29  29  28  27  28  31  32  29  29  31  31  28  29  31  31
  29  29  31  31  29  30  29  28  27  28  29  29  29  30  31  29  27  29  32  32
  30  31  31  31  30  29  29  29  29
  32  31  29  27  27  30  32  32  29  29  29  27  29  28  27  25  27  30  31  30
  31  32  31  28  30  31  33  33  30  28  28  30  32  34  32  29  29  31  32  28
  28  29  30  29  29  31  31  30  31  31  29  26  27  30  31  31  31  31  29  29
  29  30  32  30  29  29  29  30  31  31  30  28  29  29  29  29  29  28  28  28
  30  32  32  30  30  30  31  29  31  32  32  32  32  30  30  30  31  31  32  32
  34  34  33  30  29  28  28  31  33  33  32  29  31  32  36  36  34  33  32  31
  33  34  34  34  38  38  37  37  41  43  41  38  38  41  45  47  50  47  42  41
  41  44  49  49  49  46  43  41  43  44  44  44  45  46  42  37  39  44  48  50
  50  47  44  45  49  53  53  51  51  51  50  48  51  53  54  53  51  51  49  47
  47  49  50  46  45  44  44  45  49  51  49  44  41  42  44  42  42  43  41  41
  44  49  49  45  44  45  46  46  48  51  48  43  43  47  51  50  48  47  44  44
  49  50  47  40  39  39  38  38  40  40  41  43  48  52  54  51  48  47  43  41
  44  46  50  53  53  53  51  48  47  52  55  53  50  48  48  48  50  49  46  46
  48  54  61  62  64  62  62  63  67  63  55  48  48  54  58  57  54  54  53  53
  56  57  56  54  53  53  51  49  49  49  48  46  47  50  50  49  49  48  43  38
  40  43  44  42  43  44  44  44  43  43  41  41  48  53  51  46  46  48  47  46
  44  41  41  42  44  44  42  39  40  43  43  42  40  37  34  34  37  40  41  41
  39  38  34  33  35  37  37  36  36  38  38  34  33  34  35  37  38  39  37  34
  34  33  32  32  34  35  35  33  33  35  38  38  37  34  34  33  34  35  34  34
  35  37  38  36  36  32  32  32  31  31  32  32  34  34  32  31  31  31  31  31
  33  34  34  33  32  32  32  32  34  35  34  34  35  36  38  38  38  36  34  32
  32  32  33  32  33  34  34  33  32  32  30  27  29  31  32  32  32  32  32  32
  33  33  31  29  28  27  29  32  33  32  31  31  31  34  34  31  28  29  32  32
  34  32  32  33  36  36  33  30  29  29  32  31  31  31  31  31  32  33  33  32
  32  32  29  27  29  33  35  34  33  32  32  32  34  34  34  34  34  33  30  29
  30  31  32  31  32  32  32  31  31  32  31  29  29  30  31  31  31  31  32  31
  31  31  31  32  32  29  29  28  29  29  32  31  29  29  31  30  30  32  30  29
  29  30  30  25
  30  32  32  30  29  31  32  32  32  32  27  26  27  28  32  32  32  32  32  31
  29  29  31  32  32  29  28  26  29  34  34  32  29  29  32  34  34  30  29  29
  32  34  34  32  32  33  29  27  28  28  33  34  33  31  31  31  33  33  32  32
  32  32  32  30  29  29  30  31  33  33  33  33  32  31  30  30  32  34  36  36
  36  34  31  31  32  32  30  28  31  34  34  34  32  32  30  29  30  32  33  33
  33  32  32  34  37  37  34  33  34  36  34  31  32  32  34  37  36  32  28  28
  33  36  38  35  35  36  36  36  35  34  34  34  38  40  40  34  34  36  38  40
  42  44  44  43  42  38  36  36  38  38  43  44  41  38  33  31  33  38  44  45
  44  36  32  32  34  43  44  43  46  49  50  45  43  40  38  41  44  46  49  50
  47  43  40  37  40  47  52  54  51  50  48  48  54  57  55  51  50  50  49  45
  48  51  53  54  59  62  61  54  48  45  49  57  64  65  59  54  57  61  66  62
  59  58  58  59  59  62  61  58  58  61  67  69  74  73  71  71  75  83  83  81
  79  78  76  76  78  80  82  80  76  73  69  61  54  51  51  53  60  65  65  60
  59  62  62  62  64  63  60  59  59  57  55  57  61  67  73  77  78  74  69  61
  60  65  67  64  61  60  62  66  70  70  67  65  70  74  78  78  72  67  67  71
  76  75  68  64  68  75  81  80  79  83  90  97 104 104  97  90  87  91  97  97
  94  90  89  89  93  89  82  76  79  86  93  95  95  93  90  86  89  91  86  76
  67  63  65  70  75  75  68  57  51  51  51  48  45  44  44  41  41  40  39  38
  36  34  34  36  38  34  34  35  35  32  31  31  34  37  37  28  28  33  34  36
  33  30  30  32  36  36  35  32  32  32  33  33  33  32  30  30  32  33  34  32
  31  29  28  28  28  32  32  32  32  32  32  30  29  31  32  31  30  30  31  31
  32  31  29  28  29  30  32  32  29  29  27  27  29  29  30  29  28  29  31  31
  29  29  27  27  32  32  32  27  27  28  29  31  31  28  28  29  31  32  32  31
  32  32  29  27  27  28  31  31  31  30  29  27  30  32  32  32  28  28  28  29
  30  29  28  28  32  32  31  31  31  31  32  31  30  29  29  30  32  32  30  28
  28  29  29  28  28  30  32  30  30  30  28  27  29  31  31  31  32  31  29  25
  25  25  26  30  31  31  28  28  31  34  34  30  28  28  29  28  29  31  31  29
  29  31  29  27
  32  32  31  28  28  28  30  31  31  31  29  28  28  29  29  27  27  28  28  29
  29  29  32  33  36  34  32  32  32  31  28  28  31  32  32  31  31  32  32  28
  28  28  28  27  28  31  31  30  30  30  30  30  31  31  32  32  34  31  31  31
  32  34  33  31  31  28  28  27  28  31  32  31  31  30  30  29  29  31  32  32
  32  30  30  30  34  34  34  32  32  32  28  29  32  32  29  29  32  36  36  32
  32  33  36  35  35  32  29  29  31  32  30  29  32  34  34  32  32  32  32  33
  35  34  34  37  39  40  36  31  31  33  38  40  40  37  37  37  38  36  34  34
  34  34  33  32  35  37  37  36  36  38  41  43  44  44  39  34  33  37  44  46
  45  43  38  40  46  51  51  44  47  50  53  56  54  48  41  41  48  54  59  59
  57  54  54  54  59  69  75  72  69  67  66  66  68  67  62  59  57  59  61  61
  62  61  57  54  54  55  53  53  56  57  54  54  55  57  59  57  58  59  59  59
  57  57  54  50  50  53  54  52  53  54  54  53  53  57  62  62  62  62  59  57
  58  59  61  62  63  62  60  57  56  54  51  50  50  50  50  50  50  53  53  49
  50  54  56  50  47  48  48  46  44  46  44  41  43  47  51  53  54  51  46  41
  41  41  39  38  37  41  44  43  44  44  43  43  44  48  49  44  40  38  39  40
  42  44  43  42  44  45  45  43  42  43  44  41  41  45  45  45  46  48  46  44
  45  48  51  47  39  34  32  38  46  49  46  41  38  41  45  48  48  44  41  43
  43  46  48  47  46  44  44  44  45  49  50  45  41  37  37  38  44  46  46  44
  46  46  44  43  41  44  46  46  45  44  43  43  46  50  50  45  44  44  44  43
  43  44  45  47  50  49  45  41  41  48  56  57  58  58  58  53  53  56  56  49
  44  48  56  61  61  58  50  41  41  44  46  44  43  40  37  38  44  48  50  49
  49  50  50  48  48  48  45  41  41  44  44  43  44  46  48  46  44  44  43  41
  41  40  38  36  36  36  36  37  36  36  34  32  33  34  34  34  36  36  36  36
  36  37  36  32  32  31  31  32  33  30  29  29  29  28  29  31  32  33  32  28
  31  32  31  28  28  29  30  29  30  32  32  29  29  28  26  26  28  31  30  29
  29  29  34  34  34  33  31  31  33  33  29  29  30  31  32  30  30  29  29  31
  32  31  28  27  29  34  34  31  31  31  32  33  34  32  29  28  30  32  34  32
  29  28  27  30
  32  31  31  28  28  28  28  28  29  31  32  30  28  29  28  25  29  31  31  29
  29  31  31  30  30  30  31  32  32  28  28  27  31  33  32  31  32  32  29  29
  31  31  32  30  30  32  32  32  30  27  28  29  32  32  32  31  31  29  29  32
  34  34  32  32  32  28  28  28  31  33  33  31  29  29  29  27  27  29  35  35
  34  34  31  29  30  31  32  33  34  32  32  30  31  32  32  32  33  33  33  32
  30  28  28  29  32  32  32  32  32  32  32  31  34  36  36  38  38  37  34  34
  35  35  36  38  38  36  33  28  30  34  37  38  38  34  34  34  36  36  36  34
  34  36  39  40  39  35  30  30  35  42  46  46  44  40  37  37  38  42  42  42
  43  42  41  38  36  37  39  43  46  46  44  43  43  44  48  48  51  53  53  49
  47  47  47  47  48  50  50  46  50  57  57  54  54  60  65  65  62  56  50  50
  54  56  54  51  48  48  48  47  47  45  46  48  49  49  48  48  45  43  42  44
  50  53  54  53  53  53  53  48  45  44  42  43  44  46  47  41  37  37  43  47
  50  51  48  44  44  44  44  41  43  43  41  41  44  48  49  47  45  44  43  38
  38  40  40  44  47  48  48  48  48  47  43  38  38  38  37  38  38  40  40  41
  43  41  40  38  38  38  40  40  38  37  37  40  43  42  37  35  39  41  41  41
  40  42  44  44  44  41  42  42  41  38  36  35  35  44  51  51  45  38  35  35
  43  48  48  44  38  34  33  33  34  34  34  35  35  33  30  30  34  38  38  32
  30  32  34  34  34  32  33  36  37  38  36  33  36  37  36  36  36  35  33  32
  32  34  36  35  33  28  29  32  34  34  33  32  32  34  34  32  31  30  31  30
  31  32  31  28  31  31  31  29  29  31  32  31  32  32  28  27  28  31  32  32
  32  32  32  29  29  30  29  28  29  30  30  30  30  31  31  30  31  31  32  32
  32  31  30  31  33  32  32  28  28  30  31  31  30  30  30  29  31  32  31  30
  32  32  31  30  30  31  32  30  31  31  32  32  32  32  29  28  28  29  29  27
  27  27  27  27  30  31  31  31  31  31  29  28  30  30  29  28  31  32  32  29
  28  28  28  28  30  32  31  29  31  31  30  28  27  28  28  28  31  31  29  27
  27  29  29  29  31  30  30  29  32  32  33  32  30  28  28  29  32  34  32  28
  28  28  32  32  28  27  27  28  29  29  28  27  27  28  29  28  28  28  28  28
  28  28  28  28
  31  31  31  31  32  32  32  30  30  31  29  28  28  28  29  29  31  32  32  32
  29  29  29  29  31  31  31  28  28  30  32  32  32  32  31  29  29  30  32  28
  27  30  31  32  33  30  28  25  27  32  34  32  32  32  30  27  27  31  32  32
  32  32  31  26  28  31  31  29  29  30  30  28  31  32  28  25  29  32  34  34
  32  28  28  30  32  33  33  31  31  31  29  29  28  29  30  29  32  34  33  30
  27  27  32  34  34  33  32  32  32  28  29  32  34  34  32  31  32  33  34  31
  28  28  29  30  34  35  34  29  27  28  32  36  38  35  34  33  34  34  32  32
  33  34  34  34  34  33  34  34  36  37  37  36  34  33  34  36  38  42  44  44
  46  46  45  44  42  43  44  45  50  54  54  50  50  50  50  46  45  46  44  41
  41  44  47  47  48  46  43  41  44  46  44  39  37  35  35  41  47  47  42  35
  34  41  43  40  40  40  42  42  43  40  37  37  37  36  36  38  42  43  43  39
  40  40  40  40  40  43  45  46  47  45  43  37  36  40  44  44  44  47  51  53
  53  51  49  48  53  57  57  57  52  46  45  47  54  54  53  48  48  49  49  49
  49  50  53  54  57  63  65  62  60  59  56  53  54  60  62  59  59  57  54  49
  53  57  55  50  48  50  50  53  57  57  54  54  59  62  59  52  49  50  54  59
  62  57  52  48  50  54  58  59  60  61  55  51  51  51  49  46  48  49  53  57
  59  57  51  48  48  49  51  49  48  46  44  44  48  49  48  38  36  38  44  49
  51  51  49  46  49  54  55  50  43  38  40  44  49  51  48  43  41  45  52  54
  54  45  36  34  39  41  39  37  38  40  42  43  40  37  36  33  34  35  35  35
  35  35  35  35  38  41  41  40  40  40  39  36  34  36  36  36  39  39  38  36
  36  35  35  34  34  35  34  32  33  34  34  34  35  35  34  33  33  36  38  38
  37  35  34  34  35  35  34  34  34  34  34  32  32  33  32  32  33  32  32  34
  35  35  33  31  33  36  41  40  40  39  37  36  36  36  38  38  36  34  32  32
  34  34  35  36  36  36  33  31  32  34  34  34  35  36  35  34  32  32  32  32
  32  32  32  32  32  32  33  32  32  32  31  31  31  30  32  33  33  32  30  30
  32  35  35  31  29  32  32  30  32  32  32  32  32  31  28  27  30  32  32  29
  29  29  29  29  32  32  31  28  28  28  29  30  31  32  31  28  28  28  28  28
  29  29  30  29
  30  31  31  29  30  31  29  29  30  29  29  28  28  28  28  28  30  30  31  30
  30  32  32  30  30  29  29  26  27  29  29  29  30  31  31  28  28  28  28  29
  31  31  30  27  28  32  33  31  28  28  29  29  30  30  28  26  26  28  30  30
  29  29  28  27  28  29  29  28  29  31  32  32  32  31  31  28  28  29  29  28
  29  31  31  28  28  28  29  29  29  29  28  28  31  31  29  27  28  28  29  28
  28  28  31  32  31  29  29  30  36  36  30  23  24  30  34  34  32  29  26  26
  32  34  34  29  28  29  32  34  34  32  29  27  28  29  29  28  31  31  31  31
  31  32  31  30  31  29  29  29  29  30  30  30  30  29  29  28  28  28  28  28
  31  33  33  28  27  29  32  32  33  31  28  25  28  32  32  32  32  32  29  29
  31  31  30  28  28  28  29  31  31  31  28  28  31  33  33  28  27  27  27  28
  31  31  31  28  28  27  27  25  26  28  29  30  32  32  30  28  29  30  32  30
  30  31  31  31  32  32  29  27  31  32  33  32  31  28  28  28  31  32  30  30
  30  30  30  28  31  32  32  32  31  29  28  27  28  29  29  29  29  29  29  28
  29  31  32  32  32  32  32  30  32  32  31  31  29  29  31  29  29  29  29  28
  28  28  30  30  31  32  30  28  29  31  32  29  30  30  28  28  28  29  29  29
  29  27  28  29  31  31  30  31  31  29  29  28  29  29  32  31  29  29  28  28
  28  29  28  26  28  30  30  28  28  28  29  29  30  30  28  28  29  29  29  28
  29  32  32  28  27  28  28  29  32  31  29  29  30  32  32  31  30  31  28  27
  29  31  31  28  28  30  30  30  28  28  29  29  30  30  27  24  27  31  32  28
  27  27  25  26  29  31  32  29  28  28  28  27  30  33  34  32  28  28  28  29
  29  28  28  25  25  29  29  28  30  30  30  27  27  31  31  30  29  29  29  29
  31  31  30  29  29  29  31  30  29  29  29  30  32  32  29  27  27  29  29  28
  28  28  32  32  32  31  27  23  26  29  29  27  27  29  29  29  31  29  29  28
  28  29  28  29  31  31  29  28  28  28  28  28  31  34  36  33  30  29  29  29
  31  31  31  28  29  32  32  32  29  28  28  27  28  28  28  27  28  29  31  29
  27  28  28  27  30  32  31  27  27  30  31  29  28  28  28  28  29  31  29  27
  28  29  30  29  29  31  29  27  28  28  29  28  29  31  29  29  30  30  30  27
  27  27  27  27
  30  29  28  27  28  29  29  28  28  29  34  34  33  30  30  31  33  34  32  29
  29  30  31  29  29  30  30  31  32  32  30  27  28  28  32  32  33  32  29  30
  30  30  28  28  32  32  32  31  30  31  32  31  29  29  29  29  32  30  30  27
  27  29  31  31  31  29  28  27  29  31  30  30  31  32  32  32  28  27  28  31
  33  32  31  31  32  32  32  33  34  34  35  31  29  32  32  31  32  32  32  29
  29  31  32  32  32  32  31  29  31  31  31  31  31  31  32  31  31  30  30  31
  33  33  30  28  31  32  31  28  28  28  29  30  31  31  31  31  31  33  33  32
  32  33  34  34  34  32  32  32  33  33  32  32  32  32  32  29  30  32  34  34
  34  32  30  28  29  33  33  31  30  31  31  29  29  31  31  31  31  30  32  34
  34  34  32  32  33  34  34  32  31  31  31  30  31  32  32  29  29  30  29  28
  30  30  30  29  30  31  32  31  31  32  32  32  32  31  31  29  28  29  30  31
  32  32  30  27  28  32  32  28  29  31  32  32  31  31  31  29  30  29  29  27
  29  31  31  30  31  32  30  29  30  32  32  29  31  32  33  32  32  31  32  33
  34  33  30  27  30  34  33  29  28  29  30  29  31  31  31  31  32  31  29  29
  31  32  29  28  28  29  32  31  31  31  29  31  32  32  30  29  31  32  34  32
  31  30  30  31  32  32  32  29  28  29  32  32  32  32  31  28  28  30  30  28
  31  31  31  29  29  31  31  30  29  29  29  29  31  31  31  28  29  29  29  30
  30  30  28  28  31  32  33  29  26  27  27  27  28  29  30  27  27  28  30  30
  32  32  31  27  27  28  31  32  32  29  27  25  28  29  29  27  27  28  28  28
  30  30  29  28  31  32  29  27  27  27  29  29  28  27  27  28  30  30  30  28
  28  28  28  28  32  32  31  29  29  29  29  29  29  28  27  27  29  29  31  30
  29  29  29  30  30  30  29  25  27  29  31  28  28  28  29  29  32  32  31  28
  27  27  28  29  30  29  29  29  28  28  28  27  28  29  29  28  29  30  31  30
  30  30  28  25  30  32  32  27  27  28  32  34  32  31  28  28  31  29  29  28
  27  27  29  31  32  33  31  29  29  31  31  28  28  28  29  28  28  29  28  27
  30  31  28  26  27  28  30  30  29  28  28  28  32  32  32  27  25  28  30  30
  28  26  25  25  27  28  28  28  29  30  32  32  29  30  30  31  31  29  28  27
  27  28  31  31
i_gainStatus    =    1   0   0   0   0   0   0   1
i_NumCoinc      =    6   6   6   6   6   6   0   0
i_rawPkHt       =   54  67 104  72  65  63  36  35
i_spare2        =    0   0   0   0   0   0   0   0   0   0   0   0   0   0   0
   0   0   0   0   0   0   0   0   0   0   0   0   0   0   0   0   0   0   0   0
   0   0   0   0   0   0   0   0   0   0   0   0   0   0   0   0   0   0   0   0
   0   0   0   0   0   0   0   0   0   0   0   0   0   0   0   0   0   0   0   0
   0   0   0   0   0   0   0   0   0   0   0   0   0   0   0   0   0   0   0   0
   0   0   0   0   0   0   0   0   0   0   0   0   0