=GLA01
version=v6_0
type=LONG
i_rec_ndx       =    241455432
i_UTCTime       =    118796743      274202
i_gla01_rectype =        2
i_Spare1        =        0
i_filtnum       =    4   5   3   4   5   5   5   5
i_shot_ctr      =      121     122     123     124     125     126     127
     128
i_statflags     =            0           0           0           0           0
           0    66326527    66326527
i_gainSet1064   =      152     145      92      83      63      68     120
     250
i_4nsPeakVal    =      198     132     173     109      64      52      32
      34
i_8nsPeakVal    =      187     124     167     103      62      50      31
      32
i_4nsBgMean     =     2935    2947    2928    2922    2930    2926    2930
    2946
i_4nsBgSDev     =      132     128     106      98      91      93     115
     172
i_samp_pad      =        0       0       0       0       0       0       0
       0
i_comp_type     =    0   0   0   0   0   0   0   0
i_rng_wf        =   32  32  31  27  28  32  32  30  31  30  29  29  31  31  29
  29  30  31  31  32  32  29  31  31  31  32  32  31  30  29  29  28  30  31  32
  32  32  33  31  28  30  32  33  33  33  31  29  29  32  32  32  32  32  33  33
  32  32  33  34  34  34  33  33  34  34  34  32  32  34  34  38  38  38  36  34
  32  32  33  36  36  36  33  32  32  36  37  36  35  36  40  41  36  34  36  40
  40  44  44  38  38  43  49  50  47  48  51  54  54  57  56  53  54  58  62  61
  59  56  53  53  50  50  54  57  57  57  57  57  56  59  61  60  59  59  59  59
  59  64  72  72  66  64  64  67  67  67  67  66  66  66  66  66  68  70  70  67
  64  65  69  72  70  66  70  72  72  76  79  77  73  74  79  83  86  86  85  83
  75  75  76  75  70  66  63  60  60  63  72  80  80  77  72  70  72  82  89  88
  80  80  83  85  80  78  79  83  89  97  97  96  91  89  92  92  92  94  98 102
 103 104 104 103  97  89  89  91  90  94  97  96  91  91  97 108 114 120 122 120
 120 122 132 143 147 153 154 152 149 151 158 163 163 161 157 154 154 164 171 176
 178 183 187 189 185 176 176 185 197 210 210 196 173 165 165 165 162 160 152 141
 135 135 136 135 126 119 110 101 100 106 108 106 100  96  93  93  96 100 105 106
  98  91  86  83  83  85  83  78  69  68  73  74  68  64  63  62  59  62  63  61
  57  57  60  60  60  63  63  62  60  61  61  59  54  49  44  45  45  49  53  54
  49  46  46  46  46  47  51  49  45  47  48  48  44  43  44  44  44  45  45  41
  37  36  36  37  37  39  40  40  40  38  34  33  32  34  36  36  34  34  34  34
  34  32  32  31  31  33  33  34  34  33  33  33  32  33  37  37  34  32  31  32
  33  37  37  34  32  32  32  32  32  32  32  32  30  31  31  29  28  28  28  30
  31  31  30  31  31  31  32  32  31  32  33  32  29  32  32  32  29  31  31  29
  29  31  32  32  29  28  28  29  29  30  29  29  29  29  29  29  29  29  32  32
  28  28  30  31  32  32  31  31  29  29  30  29  29  29  30  31  29  29  32  32
  31  30  30  30  28  29  31  31  31  31  31  31  32  32  30  30  31  32  32  32
  30  29  29  28  28  28  29  32  30  31  32  30  28  29  31  31  29  29  31  32
  29  28  29  30  32  32  31  29  28  29  30  31  31  31  31  29  28  28  29  30
  30  31  31  31  28  28  28  28  28
  30  31  30  25  25  27  29  30  31  31  29  28  28  30  30  30  30  31  32  28
  29  31  29  28  29  30  30  29  29  30  31  29  29  29  30  32  32  32  29  28
  29  29  29  28  28  28  28  28  29  32  32  31  31  31  31  29  29  28  28  28
  29  31  31  31  31  29  28  27  28  29  29  29  31  32  32  29  29  30  31  30
  30  30  29  29  29  29  29  29  30  32  32  32  32  32  31  28  28  28  28  28
  32  32  30  28  31  32  31  30  31  32  33  34  33  29  29  29  31  33  32  31
  32  32  33  32  32  32  32  30  30  30  29  29  29  31  31  29  32  33  34  32
  32  32  34  35  33  32  29  27  30  30  31  31  35  39  38  33  32  34  38  41
  42  39  38  41  48  51  51  48  44  45  50  48  46  45  43  41  45  48  49  50
  52  57  60  61  64  66  69  69  72  74  75  75  77  83  92 101 104 110 114 113
 111 106 100  90  87  91  95  95  97  99  98  98 103 101  94  93 102 115 123 126
 131 133 135 135 132 125 116 113 110 107 102  99  97  90  85  79  83  93 100  97
  89  83  78  76  77  76  72  69  73  76  76  70  66  67  69  74  80  86  87  86
  86  83  80  80  82  84  86  83  81  83  83  79  83  88  85  75  72  78  83  83
  86  89  91  91  94  96  95  94  94  95  98 102 109 110 106  97  98 107 114 111
 111 115 117 117 117 116 112 102  97  95  90  86  89  95  94  84  80  79  80  83
  88  88  85  82  79  77  78  80  83  83  83  79  79  81  83  83  83  82  81  79
  83  91  92  89  89  91  92  90  92  94  91  86  86  87  86  80  79  78  77  75
  75  80  86  85  82  77  70  66  68  72  77  78  75  75  69  64  65  66  64  59
  57  56  54  54  54  54  53  46  44  44  46  46  47  47  48  46  48  53  54  54
  52  49  48  43  41  41  40  40  40  41  44  42  41  39  38  39  43  45  44  42
  39  40  40  40  43  42  41  39  43  48  50  47  44  44  43  43  44  44  44  42
  40  38  35  32  32  32  34  35  36  35  34  33  34  36  35  34  34  34  35  34
  34  33  32  30  30  32  33  34  34  34  34  34  34  34  34  33  33  32  31  31
  31  32  32  30  30  32  33  33  34  33  33  32  32  32  32  31  32  32  32  29
  29  28  28  28  31  32  32  31  32  32  32  29  30  30  29  29  30  30  29  28
  30  30  29  28  30  30  29  29  30  32  32  30  31  29  29  28  30  30  30  29
  29  29  29  29
  27  29  29  29  29  29  29  27  27  28  29  29  32  32  31  28  28  29  30  29
  29  29  31  32  32  32  28  28  33  33  33  33  35  35  34  32  31  33  36  33
  33  33  31  29  32  32  32  34  36  36  34  32  32  32  34  34  35  35  34  35
  35  34  35  35  39  41  41  39  40  42  44  45  48  53  53  54  59  60  63  67
  68  69  75  78  83  86  91  96 106 115 122 129 137 147 157 159 159 161 160 160
 169 175 175 174 175 175 171 159 151 151 151 148 146 143 137 132 126 122 115 105
 103 106 106 103 102 104 110 109 104  98  94  92  93  95  95  89  83  83  81  76
  76  76  78  81  85  86  83  75  72  73  75  75  75  74  73  74  77  78  81  79
  75  69  66  64  65  66  65  60  57  59  61  61  61  62  63  60  57  57  56  54
  53  53  51  50  51  51  49  48  51  51  51  49  48  48  47  48  48  48  45  44
  44  44  41  40  40  42  44  44  44  41  41  41  41  41  41  39  39  41  39  37
  35  33  34  34  36  36  36  36  37  38  38  36  36  36  35  35  36  35  34  34
  34  34  34  33  33  34  36  34  34  32  32  32  34  34  33  32  31  30  32  32
  32  32  31  31  32  32  32  31  31  31  32  31  32  32  31  33  33  33  32  29
  31  32  32  31  32  32  33  32  32  32  30  29  29  29  31  29  31  32  31  30
  30  29  29  29  30  31  32  31  30  30  31  31  29  31  31  31  32  31  31  28
  28  30  30  30  29  29  29  28  29  31  31  30  30  31  32  30  29  28  28  28
  29  30  30  28  30  31  31  31  31  32  32  29  29  29  29  28  29  31  30  29
  29  30  29  29  29  29  29  29  30  30  30  30  30  30  30  30  30  29  29  28
  29  29  29  28  28  30  29  29  29  30  30  29  30  30  29  29  29  29  29  29
  29  28  28  28  29  29  29  28  28  29  29  28  29  29  29  29  30  30  30  29
  29  29  30  30  29  29  30  29  29  29  29  28  28  30  30  29  29  30  31  27
  27  29  29  29  29  30  30  29  29  30  30  29  29  30  29  28  29  30  30  30
  30  30  30  30  30  30  29  29  29  29  29  28  28  29  29  29  30  30  30  28
  29  30  29  28  28  29  29  29  31  31  29  29  29  29  29  29  29  29  29  28
  28  29  31  31  31  30  29  29  29  29  30  28  28  29  29  29  29  30  30  28
  29  29  29  28  28  28  29  29  29  29  28  28  29  30  30  28  28  29  29  28
  29  30  29  29
  28  28  29  29  29  29  29  28  29  30  30  28  28  28  28  29  30  30  30  29
  29  30  30  28  29  28  28  28  28  28  28  28  29  29  29  28  28  28  28  28
  31  31  31  31  31  31  29  28  29  29  30  31  32  32  32  31  30  28  29  30
  29  29  28  28  29  29  27  27  30  33  34  33  33  32  31  32  32  33  35  35
  35  32  32  32  34  34  34  34  35  37  37  36  36  37  39  40  44  44  39  39
  41  43  46  46  50  51  53  56  59  60  60  62  64  69  72  70  68  66  66  67
  73  80  83  83  83  81  78  73  72  75  78  78  79  81  80  74  73  78  81  83
  89  92  93  90  90  91  93  97 103 111 114 109 108 107 103 100  97  95  94  95
  97 102 102  97  93  93  93  91  96  97  93  87  86  89  90  90  90  86  82  78
  76  76  76  73  73  74  75  75  73  70  66  60  60  63  63  63  63  63  61  54
  54  57  59  57  59  61  59  53  53  56  56  54  54  54  53  53  57  60  60  59
  60  64  66  64  64  62  59  57  62  63  61  57  56  54  54  54  54  54  53  50
  50  52  54  53  53  53  51  48  48  48  48  47  47  47  44  44  44  46  46  44
  44  44  43  42  43  44  45  43  42  43  43  41  41  41  41  41  41  40  39  39
  42  44  43  43  43  41  41  41  44  44  42  41  41  41  43  43  43  42  42  38
  38  38  39  39  40  40  39  37  36  34  34  33  34  34  34  34  33  33  32  34
  35  33  33  34  34  34  34  32  33  34  36  36  35  34  33  32  33  32  32  32
  32  32  32  33  34  34  33  31  31  33  35  35  34  32  32  32  34  33  33  32
  32  32  32  31  31  32  31  31  31  31  32  30  31  31  31  31  31  31  30  29
  29  29  31  32  32  32  32  31  31  31  31  31  32  31  31  31  31  31  31  31
  32  32  31  30  32  32  32  28  30  30  29  29  30  31  30  30  30  29  29  29
  30  30  32  31  31  31  31  31  32  32  31  29  32  32  32  32  30  32  32  30
  30  30  31  29  29  31  30  30  30  30  31  29  29  29  31  31  32  32  31  29
  29  30  30  29  30  30  31  28  28  29  30  30  30  30  30  29  29  29  28  28
  29  29  29  29  30  31  29  28  29  29  29  29  31  32  31  28  28  29  29  29
  30  31  31  29  31  32  31  29  29  30  29  29  30  30  30  28  28  28  29  29
  29  29  30  31  32  31  29  28  30  30  30  31  31  32  32  31  31  32  32  29
  29  30  30  29
  29  29  29  28  30  29  29  28  28  28  29  30  30  30  30  28  29  29  31  30
  30  30  30  29  29  29  28  28  28  28  28  28  29  29  28  28  29  30  30  30
  31  30  29  28  29  30  30  30  29  29  29  29  29  29  29  28  29  30  28  28
  28  29  30  29  29  30  32  28  28  30  31  29  29  31  30  28  29  31  32  29
  30  31  31  29  28  30  30  29  29  30  29  27  29  31  30  30  31  31  31  29
  30  32  32  30  31  32  32  29  29  31  31  32  32  31  30  29  30  31  31  31
  31  32  32  31  32  32  32  32  32  32  32  29  29  29  32  32  32  31  30  31
  33  33  33  33  33  34  35  34  34  34  34  33  33  33  33  34  36  36  35  34
  36  36  38  38  40  40  38  38  38  41  43  43  43  43  43  43  46  50  51  51
  54  57  55  54  56  57  54  53  56  57  59  59  59  59  59  59  64  66  65  62
  62  62  61  60  63  66  66  66  64  63  64  60  57  59  59  57  54  56  56  54
  55  57  56  55  59  62  62  57  55  54  52  53  54  54  54  50  50  51  53  54
  54  54  54  52  52  53  53  53  53  53  51  50  50  49  49  48  49  48  48  48
  51  54  54  53  51  53  53  52  52  53  53  53  51  51  48  44  44  47  48  47
  47  49  48  48  48  49  49  50  51  51  50  47  47  47  47  47  49  50  50  50
  51  54  55  54  54  51  51  51  51  51  51  51  51  53  52  53  54  53  51  51
  52  53  53  49  46  44  44  44  48  49  48  44  44  45  47  47  47  47  45  43
  44  47  48  44  44  44  43  41  43  44  46  46  47  48  49  46  45  43  38  37
  38  38  38  37  40  41  42  40  40  41  41  44  46  47  44  42  41  41  43  43
  43  43  42  39  38  38  39  38  38  38  38  36  36  38  38  38  38  39  38  37
  38  38  38  36  36  36  34  34  34  34  34  34  34  33  33  33  33  34  34  34
  34  34  34  36  36  36  34  32  34  34  34  34  34  35  35  34  34  34  34  34
  33  33  33  33  34  34  36  36  36  34  34  34  34  35  35  35  34  34  33  33
  32  32  32  32  34  34  35  34  34  34  32  32  30  30  30  29  30  30  30  31
  32  31  31  31  31  30  30  31  32  32  32  31  32  32  32  31  31  31  31  29
  31  31  31  31  31  31  30  30  30  30  31  29  29  29  31  31  32  32  32  31
  32  32  31  30  31  31  32  32  31  32  32  31  31  30  30  28  29  31  32  32
  32  32  31  29
  29  29  31  31  32  32  31  29  29  29  29  29  29  30  29  28  30  30  29  28
  27  29  31  29  29  28  27  27  28  29  29  29  29  29  29  29  29  30  30  28
  28  28  28  28  28  31  31  31  32  32  31  28  29  30  31  30  30  30  29  29
  29  29  29  27  29  30  30  31  31  31  31  28  30  32  32  31  30  31  31  29
  31  32  32  32  32  31  30  29  31  31  31  31  31  32  31  31  31  29  29  29
  30  32  32  32  32  32  32  32  32  32  32  33  34  34  32  32  32  34  35  35
  35  35  35  34  34  34  34  34  36  36  36  35  36  37  37  35  36  36  36  37
  38  39  38  36  38  38  39  39  39  39  39  38  39  41  41  43  43  43  41  40
  41  43  44  45  45  45  44  44  46  44  44  44  47  50  50  48  47  46  46  46
  47  47  47  46  50  54  55  52  51  54  53  49  49  49  46  45  46  47  47  45
  45  44  41  38  38  39  41  40  41  41  40  38  37  38  38  37  38  39  39  38
  38  38  38  38  41  44  44  41  41  40  40  38  40  40  40  41  43  44  41  38
  38  37  37  37  38  41  41  38  38  39  39  38  40  41  41  41  43  43  41  41
  41  41  40  40  44  44  42  38  38  39  41  44  44  44  41  39  38  38  40  41
  41  41  39  38  38  40  41  38  37  38  38  39  44  44  44  42  43  44  44  44
  44  43  41  40  41  41  41  40  39  38  38  37  40  41  41  40  40  40  40  38
  38  39  39  39  41  44  44  41  41  39  39  40  41  41  38  37  38  37  37  37
  39  41  41  38  35  34  34  34  34  34  35  36  36  34  32  32  32  32  32  32
  33  33  33  32  33  34  34  33  33  33  33  33  34  34  34  34  34  34  33  33
  32  32  32  32  34  34  34  32  32  32  33  33  34  34  33  32  32  32  32  32
  34  34  34  34  32  32  32  31  32  33  33  32  32  32  32  32  32  32  32  32
  32  31  31  32  33  33  32  33  33  34  34  32  32  32  31  30  32  32  33  33
  33  32  32  32  33  33  33  32  32  32  32  32  32  31  31  31  32  32  32  31
  32  32  32  32  32  32  32  31  31  30  30  29  30  30  30  30  30  30  29  28
  29  29  31  31  31  31  31  31  32  32  31  29  29  29  29  29  29  29  29  29
  31  32  32  28  29  32  32  30  30  32  31  29  30  31  30  27  30  31  30  29
  31  31  29  29  31  32  32  30  30  31  32  30  31  32  31  29  29  30  30  29
  30  32  32  29
  29  29  29  29  32  32  32  32  31  30  29  28  29  29  29  28  29  29  29  29
  29  30  31  31  31  29  29  29  30  30  30  28  28  29  28  28  28  29  30  28
  30  31  32  32  32  32  31  28  29  29  29  29  30  30  29  28  30  32  32  30
  29  28  29  29  31  32  31  30  30  30  30  28  28  29  29  29  30  30  32  32
  31  31  31  31  32  32  32  28  28  31  32  31  29  30  31  29  29  28  28  28
  29  31  31  32  32  30  28  28  31  32  33  31  31  32  30  30  30  31  32  32
  32  32  32  31  32  30  30  30  30  31  31  31  31  29  29  28  29  31  31  31
  30  30  31  31  34  34  33  30  30  31  33  33  33  32  32  30  32  32  31  28
  29  30  29  29  31  32  32  30  31  31  32  32  33  31  31  31  31  32  31  31
  33  33  33  32  32  32  32  31  31  31  31  31  31  31  31  31  31  31  31  32
  32  30  30  31  32  32  32  31  33  34  33  32  32  31  31  29  32  32  32  31
  32  32  31  30  30  29  29  29  31  31  31  31  31  30  30  30  30  32  33  32
  32  32  31  28  28  30  31  29  29  29  28  28  29  28  28  27  29  32  32  31
  31  32  32  30  30  30  29  29  31  31  31  30  30  31  30  30  32  33  34  32
  32  32  31  29  29  29  29  29  29  29  29  29  32  32  32  30  31  32  30  30
  31  29  29  29  31  32  32  31  31  31  31  31  32  32  29  29  31  32  32  30
  30  32  32  31  31  31  32  29  29  31  29  29  30  30  30  29  28  28  28  28
  29  29  30  29  29  29  29  27  28  29  29  27  28  30  29  29  28  28  30  29
  29  28  28  28  28  29  30  30  29  29  29  28  29  31  31  28  28  30  30  29
  29  28  28  28  29  31  31  31  31  30  30  30  30  31  31  31  31  29  31  28
  28  29  29  28  28  29  30  29  31  31  31  29  29  29  30  29  28  28  28  27
  28  30  31  28  28  30  30  29  29  30  30  29  29  30  29  29  29  29  30  29
  28  28  28  28  29  29  30  28  28  28  28  28  28  29  31  29  29  30  30  29
  29  30  31  28  28  30  31  31  31  31  31  29  30  30  30  31  31  31  32  30
  30  28  28  28  29  30  29  29  29  29  29  28  28  28  28  28  29  29  29  29
  28  29  31  30  30  30  31  28  28  30  31  28  29  32  30  28  28  31  32  29
  31  31  30  29  31  31  31  29  29  29  29  29  30  30  29  28  29  30  29  28
  28  28  28  28
  31  32  31  29  28  29  32  29  29  29  28  29  30  31  31  29  30  30  31  30
  29  29  29  30  30  29  28  27  28  30  32  32  32  29  29  33  34  34  32  31
  32  34  34  31  31  31  31  32  32  30  29  31  31  32  32  32  33  34  34  32
  31  30  30  30  32  32  30  28  29  32  32  30  30  31  31  31  31  31  32  32
  32  32  32  32  30  29  30  31  33  33  32  31  31  31  32  32  32  33  32  29
  29  29  29  27  28  32  32  32  32  32  32  32  33  32  32  32  33  31  30  30
  32  34  34  30  30  32  36  36  36  34  32  29  29  31  31  30  32  32  31  29
  31  31  32  32  32  32  29  28  28  29  29  28  29  29  29  29  32  32  32  31
  31  31  29  29  31  30  30  29  31  32  31  31  31  29  30  29  32  32  32  31
  29  32  33  32  31  29  28  27  27  27  30  32  32  32  30  32  32  29  28  27
  28  32  32  31  30  30  31  30  31  29  29  28  29  31  31  30  30  30  29  28
  28  28  32  32  32  32  31  29  29  29  29  28  30  32  32  29  29  29  28  27
  27  28  29  29  30  31  31  28  29  31  29  29  29  29  31  30  28  26  27  29
  33  33  31  28  29  32  32  30  28  28  29  27  28  28  28  28  28  30  30  29
  29  29  28  28  30  30  30  30  31  31  28  28  28  29  29  29  29  28  28  28
  28  29  31  31  32  32  30  28  29  30  29  28  28  28  29  32  32  29  29  29
  32  34  34  32  29  29  30  30  32  32  29  27  28  28  28  28  28  28  28  25
  26  28  28  25  28  30  29  29  27  27  28  29  32  32  29  26  25  30  32  31
  31  32  30  28  29  31  31  30  30  31  31  30  28  28  27  27  30  30  30  28
  27  29  32  31  31  28  26  27  28  31  32  28  28  28  28  27  27  28  28  26
  29  30  30  27  27  28  28  29  29  29  29  29  32  32  32  30  28  28  29  30
  32  33  32  30  31  31  30  28  30  32  32  32  30  28  28  28  28  27  27  27
  29  29  29  28  28  28  28  28  31  32  32  28  28  28  28  28  28  30  30  29
  29  29  29  27  29  31  29  28  26  28  30  28  31  31  28  25  28  30  33  34
  33  32  28  28  32  32  31  28  29  29  29  29  31  32  34  32  28  27  29  30
  32  32  29  27  27  29  30  28  27  27  27  27  29  31  30  28  27  28  30  30
  29  29  29  29  33  33  32  27  26  28  28  29  31  31  29  27  29  30  29  29
  32  32  32  30
i_gainStatus    =    0   0   0   0   0   0   0   1
i_NumCoinc      =    6   6   6   6   6   6   0   0
i_rawPkHt       =  210 135 175 114  66  54  34  36
i_spare2        =    0   0   0   0   0   0   0   0   0   0   0   0   0   0   0
   0   0   0   0   0   0   0   0   0   0   0   0   0   0   0   0   0   0   0   0
   0   0   0   0   0   0   0   0   0   0   0   0   0   0   0   0   0   0   0   0
   0   0   0   0   0   0   0   0   0   0   0   0   0   0   0   0   0   0   0   0
   0   0   0   0   0   0   0   0   0   0   0   0   0   0   0   0   0   0   0   0
   0   0   0   0   0   0   0   0   0   0   0   0   0