=GLA01
version=v6_0
type=LONG
i_rec_ndx       =    241455452
i_UTCTime       =    118796745      274202
i_gla01_rectype =        2
i_Spare1        =        0
i_filtnum       =    3   3   3   3   3   2   2   2
i_shot_ctr      =        9      10      11      12      13      14      15
      16
i_statflags     =     66326527    66326527    66326527    66326527    66326527
           0    66326527    66326527
i_gainSet1064   =      250     250     250     250     250     250     250
     250
i_4nsPeakVal    =       38      32      32      33      32      91      32
      32
i_8nsPeakVal    =       36      30      31      31      31      86      30
      31
i_4nsBgMean     =     2944    2949    2945    2947    2951    2940    2934
    2919
i_4nsBgSDev     =      172     168     173     173     170     171     173
     167
i_samp_pad      =        0       0       0       0       0       0       0
       0
i_comp_type     =    0   0   0   0   0   0   0   0
i_rng_wf        =   28  28  29  28  28  31  31  31  31  31  31  28  27  28  31
  32  33  32  31  28  29  31  31  31  31  29  30  29  29  29  28  28  28  29  29
  28  28  28  28  27  29  29  29  28  29  31  31  28  27  27  29  29  29  28  28
  28  28  29  30  30  32  32  31  27  27  29  30  28  27  28  29  29  29  28  28
  27  29  31  31  28  27  29  31  28  28  28  26  25  27  28  29  29  31  31  31
  32  32  30  30  28  29  29  29  31  32  33  33  32  31  29  28  27  29  32  35
  36  34  32  31  31  33  33  35  35  37  38  39  40  39  36  34  32  31  31  31
  31  31  29  30  30  29  29  28  28  28  29  31  29  30  30  29  27  27  29  30
  29  29  29  29  29  29  31  28  27  28  29  30  30  31  31  32  31  32  32  29
  29  29  30  29  27  29  32  33  30  28  28  28  27  29  32  29  29  31  31  31
  26  24  26  28  29  30  30  29  27  27  27  29  29  29  29  28  28  29  32  30
  26  25  25  28  25  26  28  28  28  28  31  33  33  34  32  29  25  25  29  32
  31  29  29  28  29  31  31  31  29  30  30  29  29  29  29  29  28  29  29  29
  28  28  28  28  27  28  29  28  28  29  28  30  29  27  27  27  28  30  29  28
  27  27  28  28  28  29  29  28  27  27  27  27  27  25  27  30  31  31  29  28
  27  27  29  31  31  32  32  31  28  28  31  32  31  31  31  31  28  25  25  27
  27  29  29  28  27  27  28  28  27  28  29  29  28  28  28  27  27  27  28  28
  28  28  28  29  28  29  29  29  29  29  29  28  27  28  29  29  28  28  31  32
  30  30  31  31  29  29  28  29  29  29  29  28  28  29  32  31  29  31  31  30
  28  28  28  29  28  25  26  25  26  29  29  29  29  29  31  32  31  29  27  27
  27  29  31  31  31  31  29  29  28  28  28  28  28  28  28  30  29  29  29  30
  30  28  29  29  28  29  29  28  27  29  31  32  30  29  28  28  28  29  31  31
  29  30  30  29  28  28  29  30  30  30  29  28  28  30  30  28  25  25  28  29
  29  30  30  29  27  28  28  28  28  27  27  28  28  28  28  27  25  28  29  31
  28  27  28  28  28  30  31  29  25  27  28  28  27  27  30  32  29  28  28  28
  27  28  30  31  30  30  31  31  29  29  29  31  29  29  29  29  29  32  33  31
  27  27  28  29  29  29  28  29  29  29  29  31  31  30  29  28  28  28  30  30
  28  28  30  32  31  32  31  29  28
  28  31  32  32  32  29  29  27  29  32  30  29  29  30  30  27  27  29  30  30
  32  29  26  26  28  32  32  30  28  28  31  31  31  31  28  28  29  29  31  29
  27  26  27  27  29  32  32  27  26  29  31  29  30  31  31  29  31  31  31  32
  31  31  31  30  29  29  29  29  29  28  29  28  28  29  29  28  29  29  31  28
  29  31  31  31  31  31  31  29  29  29  28  29  31  31  29  29  29  32  32  31
  30  29  29  28  31  31  28  26  26  28  30  29  30  30  29  28  28  30  31  29
  28  28  27  27  29  32  32  29  29  30  30  29  29  29  29  29  32  32  29  27
  28  29  29  28  28  28  27  26  30  32  32  30  29  29  29  29  29  29  27  25
  28  28  29  28  28  28  29  30  31  32  31  29  30  30  30  28  28  29  29  29
  29  29  29  28  31  32  32  29  29  31  31  29  28  29  28  27  30  27  27  27
  27  30  32  31  29  29  27  25  28  30  30  29  31  32  33  32  28  28  28  28
  29  32  31  25  28  31  31  32  32  31  29  29  31  32  32  29  28  29  29  31
  32  31  29  27  27  27  30  31  32  32  31  30  31  32  31  27  27  29  29  29
  31  31  32  29  28  28  28  28  29  29  30  29  31  31  31  30  29  28  28  28
  28  28  28  28  29  29  29  25  24  27  28  28  32  32  30  26  26  28  32  32
  29  28  27  25  28  29  29  28  29  30  29  28  28  28  28  28  29  28  27  26
  29  32  32  30  29  29  29  29  32  33  33  29  26  27  29  30  30  30  28  25
  27  29  32  32  29  28  28  29  32  32  32  29  29  30  32  31  29  27  28  28
  28  28  28  28  29  30  30  28  28  29  30  30  29  27  27  27  29  29  29  28
  28  28  28  27  26  28  29  29  30  29  29  27  27  29  29  29  29  31  31  28
  28  28  28  28  29  30  30  29  29  29  27  25  24  25  28  29  32  32  28  28
  31  31  32  31  28  27  28  28  29  29  27  27  29  32  32  29  27  27  28  28
  29  30  29  26  25  30  31  28  29  31  31  28  29  31  32  31  31  31  29  29
  30  31  33  32  31  28  25  27  28  30  30  28  28  28  28  28  28  28  28  28
  29  29  29  31  31  31  31  29  31  32  31  28  27  28  30  28  28  26  26  25
  26  28  31  32  32  32  31  27  26  27  28  27  28  29  29  29  31  31  31  30
  30  30  32  32  29  27  27  27  28  29  31  31  32  29  28  28  29  30  29  29
  29  29  29  28
  29  30  30  28  28  28  30  32  32  29  29  29  30  30  28  28  29  29  29  29
  29  32  32  31  29  29  29  29  30  31  31  31  31  32  32  29  29  30  32  32
  32  31  28  25  25  29  32  29  28  28  27  26  28  30  30  28  27  29  31  29
  29  28  27  26  28  31  32  28  27  27  27  27  29  30  30  29  29  28  28  29
  29  29  28  28  28  26  26  27  28  28  30  31  31  29  28  28  29  29  32  32
  29  29  29  31  34  34  32  28  26  27  28  28  31  32  29  28  28  31  33  32
  32  32  31  29  29  29  32  29  29  29  28  27  28  30  31  29  30  30  30  30
  28  28  28  28  30  30  28  27  27  28  30  30  31  31  29  28  28  29  30  25
  25  28  29  29  29  30  31  29  29  29  29  29  31  31  30  25  25  28  31  31
  31  31  31  29  32  32  30  29  28  28  28  28  29  29  29  31  31  31  29  28
  30  32  30  28  28  28  32  32  31  29  28  30  31  29  28  27  27  27  28  28
  28  29  30  31  32  32  32  28  27  27  29  28  29  31  28  26  26  28  30  28
  27  25  25  26  29  31  31  28  27  28  27  27  31  32  31  26  26  28  29  32
  29  29  29  27  28  27  23  23  27  31  33  30  28  27  25  28  29  31  32  29
  29  29  30  31  30  31  31  30  30  29  29  28  27  28  28  28  30  30  31  28
  25  25  28  30  34  34  29  27  28  31  32  30  28  27  28  28  31  30  28  27
  28  30  29  28  29  29  29  29  30  31  31  31  29  27  27  27  31  32  32  32
  32  32  32  30  28  27  28  28  28  29  28  25  29  30  30  29  27  27  29  30
  30  29  28  27  30  30  28  27  27  29  29  29  29  29  29  29  31  31  31  31
  31  30  27  24  25  29  32  29  28  28  28  28  29  31  32  29  26  25  27  27
  29  29  28  27  27  29  30  30  30  31  31  29  29  28  29  32  32  32  32  32
  32  32  32  28  28  29  31  31  29  28  28  27  27  26  24  23  27  29  29  24
  24  28  29  29  30  30  30  29  31  31  28  28  29  31  32  31  31  27  27  28
  30  30  28  28  28  28  28  28  28  28  28  28  31  32  31  28  27  28  28  28
  30  31  31  28  26  27  27  27  31  32  30  26  28  31  32  30  30  31  31  29
  30  32  30  27  28  30  31  29  29  29  29  29  31  30  29  29  31  31  32  31
  31  29  29  31  31  30  28  27  29  29  28  25  25  29  32  32  31  28  28  27
  25  25  28  28
  29  30  27  25  26  28  31  32  30  28  28  28  32  32  28  25  25  29  29  27
  25  25  27  27  27  27  27  27  29  31  28  26  25  27  30  29  28  27  28  28
  28  31  31  28  28  29  28  25  27  28  28  27  27  28  29  29  28  28  30  30
  32  30  27  25  27  29  29  28  28  28  30  28  27  27  28  30  32  32  30  27
  27  29  29  29  31  31  29  27  26  28  29  28  29  28  28  27  28  30  30  29
  28  28  29  28  29  29  29  27  27  30  31  29  29  29  28  27  29  31  32  30
  30  30  28  28  29  30  32  32  33  32  32  31  31  31  29  29  29  29  30  28
  28  27  28  30  32  32  28  27  25  27  28  28  28  29  27  27  28  31  31  27
  25  27  29  31  32  31  28  27  30  32  29  27  27  27  27  27  28  28  27  27
  29  29  29  28  28  28  27  28  30  30  31  28  28  27  27  28  29  29  29  29
  29  27  27  25  27  28  29  31  31  32  31  28  28  28  27  27  27  29  31  29
  29  28  27  27  31  31  31  30  31  32  32  32  29  29  29  29  32  30  27  25
  27  29  32  32  29  27  27  27  29  29  29  28  29  30  30  30  30  30  30  29
  29  29  29  29  30  31  29  28  29  29  28  27  27  30  31  28  28  28  30  32
  32  31  29  29  29  29  32  32  31  29  28  28  29  29  30  29  29  29  28  25
  28  29  29  28  28  28  28  28  31  31  31  30  31  30  30  30  31  32  30  30
  30  29  29  28  28  28  29  31  32  32  31  29  29  29  30  28  28  28  28  29
  29  29  29  28  29  29  27  25  27  31  31  30  29  28  26  25  28  28  29  30
  32  32  31  30  30  29  29  28  28  29  29  30  31  30  28  28  28  29  29  29
  30  29  29  29  30  30  28  28  29  28  28  28  29  32  33  31  31  29  27  27
  27  28  28  27  30  32  32  32  29  29  29  29  32  32  28  27  27  31  32  29
  29  29  30  30  30  30  30  29  29  28  29  28  28  28  27  28  29  28  28  27
  27  27  28  28  30  32  31  29  29  29  29  29  29  28  29  28  30  30  30  30
  30  30  30  29  29  29  28  28  28  28  28  28  28  28  27  27  29  30  30  30
  30  29  29  30  31  31  31  31  30  29  29  28  30  30  29  28  28  28  29  29
  29  29  28  25  25  29  29  28  30  31  29  27  26  28  29  29  29  28  28  28
  30  31  29  25  25  28  32  32  32  32  28  27  29  30  29  29  29  31  32  29
  29  29  29  31
  28  28  28  27  27  29  29  28  28  28  26  26  27  27  29  29  32  32  31  30
  29  29  29  29  30  29  29  28  28  29  28  28  29  31  31  28  27  27  29  29
  32  32  29  28  28  29  29  29  30  29  28  26  28  29  28  28  28  28  29  29
  31  32  32  31  31  29  29  29  29  29  29  29  30  30  30  28  28  28  28  28
  31  32  33  32  29  28  28  27  28  30  28  25  25  30  31  29  28  28  29  29
  30  30  28  25  25  27  28  27  27  28  28  28  31  31  29  27  27  28  29  29
  29  28  28  28  29  29  29  28  27  28  31  31  30  28  25  23  28  32  32  31
  27  27  28  29  30  28  28  27  29  30  29  27  28  29  31  30  28  28  28  28
  28  28  27  27  27  29  30  30  30  28  28  28  28  28  28  28  29  29  29  27
  27  27  27  27  28  29  29  27  25  27  27  27  29  30  30  29  28  28  30  30
  29  29  27  27  30  31  29  27  28  28  30  30  30  30  28  27  29  30  30  28
  28  28  28  29  31  30  30  29  28  29  29  27  29  29  29  28  28  31  32  32
  32  29  28  27  29  32  32  28  27  28  31  29  28  28  28  30  32  32  32  29
  27  26  25  25  29  32  32  27  28  31  31  30  28  28  29  29  29  29  28  26
  29  31  31  29  27  27  27  28  31  32  32  29  28  28  31  32  33  32  30  28
  28  28  29  28  28  27  27  27  29  32  31  28  28  28  31  29  28  28  27  27
  29  30  30  28  28  31  32  32  32  31  28  28  28  32  32  31  29  28  29  28
  28  28  27  27  30  31  28  25  27  29  29  29  32  32  32  33  30  28  28  28
  30  29  29  28  28  30  31  31  31  29  28  28  29  30  30  30  30  30  29  28
  28  32  32  28  28  28  29  29  31  31  30  29  29  29  30  30  30  28  28  28
  29  29  29  29  29  29  29  27  28  29  31  31  31  31  31  30  30  30  31  31
  32  32  31  28  28  28  29  30  29  29  28  28  31  29  29  28  28  32  33  31
  29  28  27  27  27  28  28  27  29  30  29  29  29  30  30  29  30  29  29  29
  29  30  29  28  29  27  26  26  28  29  30  30  30  29  29  29  29  29  28  27
  29  29  29  28  28  29  30  30  28  25  26  27  29  30  28  27  28  29  30  28
  28  28  28  28  31  31  29  28  28  30  32  32  30  28  27  28  29  29  29  28
  28  28  31  31  29  29  27  27  29  29  29  27  27  28  29  31  32  31  28  25
  25  27  29  30
  31  24  24  29  32  32  29  28  31  33  33  31  28  29  32  32  32  28  28  28
  29  31  28  28  32  32  30  25  26  28  29  29  32  34  34  34  32  29  25  25
  29  34  38  38  38  38  43  47  54  62  66  71  81  89  93  93  91  91  91  93
  93  86  77  66  59  57  58  56  50  45  40  39  39  36  35  34  34  32  32  32
  34  34  34  33  33  34  34  34  35  33  33  33  34  36  38  38  38  38  37  37
  38  38  36  34  36  37  38  38  38  37  36  34  34  32  32  32  31  29  29  32
  34  33  32  31  32  33  33  31  31  31  31  31  31  31  29  28  32  32  29  27
  29  31  32  30  28  28  28  31  31  29  29  29  33  34  32  30  28  28  29  29
  29  28  28  28  28  29  30  30  30  29  28  28  29  30  31  29  30  31  31  28
  28  29  29  29  31  31  28  25  25  27  28  28  28  27  27  27  30  31  29  28
  29  30  29  28  28  28  28  28  31  32  32  30  30  30  29  29  31  32  31  28
  29  32  32  29  30  31  29  29  29  30  29  29  30  30  32  32  32  32  30  30
  31  30  28  28  31  32  29  25  28  29  29  29  29  30  32  30  30  29  29  29
  29  29  29  29  29  29  29  29  30  32  31  27  31  32  32  29  27  28  30  30
  30  28  28  27  29  32  32  29  29  31  30  28  28  30  31  28  29  32  32  32
  32  31  29  25  27  27  28  29  32  32  29  29  30  32  32  31  28  28  28  27
  29  29  28  27  27  29  29  29  29  28  28  25  28  29  29  30  31  31  31  32
  31  29  27  27  31  32  33  31  29  31  32  30  30  30  30  28  29  31  31  29
  29  28  28  29  29  29  30  30  30  27  25  25  25  28  31  31  31  29  29  28
  29  30  30  28  29  30  31  31  30  31  31  30  30  29  27  27  28  28  28  28
  31  32  32  31  32  32  31  29  30  31  29  29  29  29  29  27  27  27  28  28
  31  32  29  28  29  31  32  32  32  29  29  30  30  30  30  30  30  29  29  28
  29  29  29  28  29  30  29  27  27  28  30  29  29  28  28  28  29  31  31  31
  31  29  29  28  28  30  32  32  31  30  28  27  28  31  31  28  28  29  29  28
  28  31  31  28  28  28  28  29  31  31  29  28  28  28  31  32  32  29  28  28
  31  32  30  28  28  30  31  28  29  29  29  29  31  31  29  29  31  32  31  28
  27  27  27  27  29  28  27  24  24  28  32  32  32  28  27  25  27  28  28  28
  31  32  31  27
  28  28  29  29  31  31  28  27  27  29  29  29  32  31  28  27  29  32  33  30
  28  27  27  27  28  31  31  30  29  29  30  30  31  31  31  30  30  30  31  29
  29  29  28  28  28  29  29  28  28  28  28  26  28  28  28  28  28  28  29  30
  31  32  32  28  29  30  28  27  27  28  30  29  29  29  29  28  29  31  31  29
  28  28  28  29  30  30  29  25  29  33  33  33  32  30  30  30  30  28  28  28
  30  29  29  30  31  32  32  30  29  29  29  28  30  31  30  29  29  31  31  29
  29  29  30  28  30  31  29  28  28  30  30  29  29  27  27  27  31  32  29  28
  31  32  32  29  27  27  28  29  31  29  27  27  28  32  33  31  28  29  30  29
  32  32  29  27  27  28  30  29  29  28  28  28  29  32  32  30  29  30  30  27
  27  27  27  26  29  31  32  32  27  27  28  28  30  29  28  25  27  29  32  32
  30  28  28  28  29  30  32  29  29  29  29  29  29  29  29  27  28  29  31  31
  31  31  29  28  28  28  28  28  28  28  28  28  29  29  28  27  28  29  29  28
  28  28  29  29  29  30  27  25  29  32  32  29  27  27  28  30  31  30  28  28
  28  27  29  31  32  32  32  31  29  29  28  28  28  29  29  29  31  32  32  27
  26  28  29  32  32  31  29  27  27  28  28  28  29  29  30  30  30  30  30  30
  30  30  30  28  29  30  31  31  32  32  29  28  29  30  31  29  28  27  27  27
  28  30  29  27  29  30  32  31  27  27  28  29  32  32  29  27  27  28  32  32
  30  28  28  28  29  30  31  30  30  31  32  30  29  30  31  30  29  29  28  28
  30  31  32  30  30  31  32  29  29  29  28  28  28  30  30  28  30  30  27  27
  27  31  34  32  30  28  28  28  29  31  32  28  28  28  28  27  27  29  30  29
  30  30  28  27  27  27  28  28  29  28  28  28  28  28  28  29  30  30  29  28
  28  29  31  31  32  32  29  28  27  28  28  27  28  28  28  28  29  32  32  29
  31  32  30  30  29  31  32  29  29  28  27  27  27  28  30  29  29  29  29  28
  29  30  30  29  29  31  31  28  26  26  28  28  32  32  29  29  29  30  30  29
  29  27  27  25  28  28  28  28  31  32  32  29  28  31  32  28  28  28  27  27
  28  31  32  30  31  31  31  29  29  31  31  30  29  31  31  31  32  32  29  27
  29  32  32  29  25  25  27  27  30  30  28  25  26  28  29  28  28  28  28  29
  30  30  29  28
  29  29  29  29  31  31  30  28  29  29  29  29  31  31  29  28  28  28  30  29
  29  30  31  31  31  28  28  28  29  30  31  31  32  33  32  29  29  28  28  27
  30  32  32  30  30  30  32  32  30  30  31  31  32  32  29  28  28  29  31  30
  31  32  28  28  29  31  34  32  29  28  27  31  32  30  28  25  29  32  32  31
  31  31  29  28  29  29  29  29  30  30  31  30  31  32  29  28  28  29  30  29
  30  30  29  28  28  28  28  27  27  27  27  27  27  28  30  28  29  29  27  27
  28  28  29  29  29  29  28  27  28  29  29  29  29  30  29  29  29  28  28  28
  28  28  28  28  30  32  31  28  28  29  30  29  32  32  31  29  28  28  28  29
  29  28  28  27  28  29  29  28  29  29  29  26  26  27  29  30  30  30  28  28
  28  29  29  28  28  28  28  27  28  31  31  30  27  29  29  28  31  32  29  25
  27  30  33  33  31  31  31  29  29  28  27  25  27  29  29  29  28  29  31  28
  28  28  28  27  27  28  30  29  27  27  27  28  32  31  31  28  27  27  27  28
  32  32  30  28  28  28  31  31  31  28  27  28  28  29  28  28  28  29  29  28
  28  30  31  31  31  28  28  27  28  29  29  28  29  30  29  29  29  31  31  30
  31  29  29  28  28  28  29  29  29  28  28  28  29  30  30  28  28  29  31  30
  28  28  28  30  31  30  31  28  26  27  27  28  29  29  28  27  28  29  30  29
  29  29  30  29  29  29  28  27  28  29  30  29  29  29  28  28  28  29  29  29
  32  32  29  27  28  32  31  29  28  29  29  29  31  31  29  28  31  31  30  28
  28  27  27  27  29  29  28  28  28  28  28  28  28  32  32  31  31  28  27  25
  27  30  31  31  31  31  31  30  30  30  29  29  32  32  30  28  29  32  32  29
  28  28  28  28  31  31  29  29  29  28  28  28  29  29  29  29  32  34  34  32
  29  28  28  28  31  32  33  29  29  29  29  32  29  29  30  29  30  29  28  28
  29  30  30  28  29  29  27  27  31  32  32  29  25  25  27  29  31  29  27  27
  28  29  30  30  30  29  28  28  28  28  28  28  29  29  29  28  28  29  29  28
  28  28  28  23  23  28  30  30  32  30  29  27  27  31  31  31  31  29  28  26
  28  31  32  30  28  29  30  30  30  30  30  28  28  31  29  28  28  31  31  29
  28  28  28  28  29  29  28  27  26  27  29  29  31  31  30  28  28  30  30  28
  28  30  29  28
i_gainStatus    =    0   1   1   1   1   1   0   1
i_NumCoinc      =    0   0   0   0   0   6   0   0
i_rawPkHt       =   39  34  34  34  34  93  34  34
i_spare2        =    0   0   0   0   0   0   0   0   0   0   0   0   0   0   0
   0   0   0   0   0   0   0   0   0   0   0   0   0   0   0   0   0   0   0   0
   0   0   0   0   0   0   0   0   0   0   0   0   0   0   0   0   0   0   0   0
   0   0   0   0   0   0   0   0   0   0   0   0   0   0   0   0   0   0   0   0
   0   0   0   0   0   0   0   0   0   0   0   0   0   0   0   0   0   0   0   0
   0   0   0   0   0   0   0   0   0   0   0   0   0