=GLA01
version=v6_0
type=LONG
i_rec_ndx       =    241455452
i_UTCTime       =    118796745      274202
i_gla01_rectype =        2
i_Spare1        =        0
i_filtnum       =    2   2   2   2   2   2   2   2
i_shot_ctr      =       33      34      35      36      37      38      39
      40
i_statflags     =     66326527    66326527    66326527    66326527    66326527
    66326527    66326527    66326527
i_gainSet1064   =      250     250     250     250     250     250     250
     250
i_4nsPeakVal    =       32      32      32      32      32      32      32
      32
i_8nsPeakVal    =       30      31      30      30      30      30      30
      30
i_4nsBgMean     =     2927    2947    2946    2934    2934    2927    2952
    2942
i_4nsBgSDev     =      170     170     171     170     167     166     171
     173
i_samp_pad      =        0       0       0       0       0       0       0
       0
i_comp_type     =    0   0   0   0   0   0   0   0
i_rng_wf        =   28  27  27  27  32  32  28  25  24  28  29  28  30  30  28
  27  28  31  32  29  28  28  28  28  30  31  32  29  29  32  31  29  31  32  30
  27  27  28  32  32  31  30  29  29  30  30  30  29  28  28  28  28  29  29  28
  27  27  27  28  29  29  28  28  28  29  29  28  28  28  29  29  29  30  29  29
  27  28  30  29  28  27  28  29  27  26  27  27  26  28  30  31  28  29  31  31
  31  31  31  31  29  29  29  26  26  31  32  32  29  28  28  29  28  30  32  29
  28  28  31  31  29  27  26  28  28  29  29  27  29  31  31  29  27  27  27  31
  31  32  30  26  24  25  28  28  29  28  29  31  31  32  29  28  29  32  32  32
  28  28  29  29  31  32  31  30  28  28  32  32  31  30  28  28  27  27  28  28
  28  28  30  31  28  29  32  32  28  28  28  29  29  29  31  31  29  30  30  31
  28  28  28  28  29  29  29  29  28  28  28  28  27  27  28  32  31  28  28  28
  30  32  30  30  28  29  32  33  31  28  27  24  22  28  30  30  27  27  28  29
  29  28  27  26  26  28  28  29  28  28  29  28  28  28  28  28  27  28  28  28
  28  29  30  30  28  25  28  29  28  29  29  29  27  27  31  32  32  29  29  28
  27  29  31  29  27  27  28  29  28  27  28  28  28  28  28  28  27  27  29  30
  29  29  29  29  28  29  31  31  28  28  28  30  30  30  31  31  29  29  29  30
  28  29  32  30  28  26  28  32  29  28  28  28  27  29  30  30  29  27  28  29
  29  32  32  31  27  28  31  31  28  28  28  28  29  30  30  28  27  29  32  32
  28  27  27  31  32  32  28  26  25  28  29  29  28  28  28  28  27  28  29  30
  30  29  28  29  30  29  29  28  28  32  32  31  25  24  28  29  28  28  29  27
  26  27  28  30  29  29  28  27  27  29  32  31  29  30  29  29  29  30  32  32
  32  28  26  25  27  28  28  28  25  25  29  32  30  29  30  30  28  28  28  28
  27  28  28  28  27  25  28  28  28  30  31  28  26  27  31  32  29  28  28  28
  28  28  28  29  29  29  29  28  28  29  29  31  30  28  27  27  29  33  33  31
  28  28  29  29  29  29  29  29  29  32  32  32  29  27  27  30  30  29  29  31
  31  32  30  28  28  27  29  31  29  31  29  28  26  27  29  30  30  30  29  28
  25  27  28  28  28  28  28  27  26  28  29  29  29  31  31  29  29  32  32  32
  28  27  27  27  27  29  31  31  28
  31  32  32  31  32  32  32  29  29  32  32  29  28  28  30  30  31  31  30  29
  29  29  30  28  28  28  28  28  29  30  29  27  29  30  30  29  31  31  29  29
  29  29  28  28  28  27  27  25  25  27  29  30  30  29  29  29  31  30  28  27
  27  29  32  30  28  28  28  28  30  31  31  28  28  30  30  29  29  31  31  28
  29  30  30  29  29  29  29  29  28  28  28  28  29  28  28  27  28  29  32  32
  30  29  29  29  30  30  31  28  26  28  28  30  32  32  30  27  27  28  32  31
  32  31  27  27  27  30  32  29  29  29  29  28  30  31  31  29  28  31  29  27
  27  27  28  25  27  28  29  29  29  28  28  28  29  29  29  28  28  28  27  25
  25  27  28  28  28  28  30  31  32  32  31  29  28  29  29  28  28  28  31  29
  29  31  31  31  32  32  29  27  27  30  32  32  32  30  28  27  27  28  30  30
  30  29  29  29  29  29  28  28  28  29  29  28  30  30  32  32  32  31  29  28
  28  28  29  28  28  29  32  31  32  32  31  28  27  28  30  29  28  28  28  25
  28  30  30  27  27  28  29  29  30  31  29  25  25  28  30  29  29  31  31  29
  31  30  30  27  27  30  30  30  31  31  30  28  31  31  29  28  28  28  29  29
  28  27  27  27  28  29  29  28  28  29  29  29  29  29  29  25  25  27  27  27
  27  30  31  28  28  28  25  25  29  30  32  28  28  28  28  30  30  31  30  28
  28  29  29  28  28  28  29  29  29  29  28  28  29  31  32  28  28  30  28  28
  31  31  30  27  27  28  29  29  29  30  30  29  30  31  30  27  27  27  29  30
  32  32  32  28  26  28  31  30  28  28  25  25  30  31  30  27  27  28  31  31
  31  29  28  26  28  29  29  29  29  30  32  31  31  29  28  27  27  29  30  29
  29  29  31  29  28  28  28  28  29  29  29  28  27  27  28  28  29  28  28  27
  28  29  29  29  29  29  29  28  27  28  31  30  29  29  29  30  32  32  29  25
  27  29  33  32  29  28  28  29  29  28  23  22  27  29  32  30  28  28  28  28
  32  32  30  27  28  28  31  30  29  27  27  28  28  29  28  27  28  28  28  27
  27  29  29  29  29  30  32  32  32  32  28  25  25  29  29  29  29  29  27  27
  30  31  32  32  30  29  29  31  31  31  31  30  31  30  29  25  27  29  31  30
  28  29  29  29  30  30  28  26  27  29  32  33  32  27  24  24  28  32  32  28
  28  28  28  28
  32  31  28  28  29  29  29  29  30  29  28  28  28  29  29  28  28  25  26  27
  32  34  32  29  31  32  32  29  27  27  29  29  32  32  29  27  28  31  32  32
  29  29  31  31  31  29  28  27  29  31  29  28  28  30  30  29  29  29  29  29
  29  29  29  29  30  30  29  27  28  29  31  32  31  30  28  25  25  29  31  28
  28  30  30  29  29  29  29  29  30  28  28  29  31  29  28  29  31  32  32  28
  28  29  29  28  29  30  30  29  28  28  28  28  28  30  31  29  29  29  28  29
  31  31  30  29  29  29  29  28  28  29  30  30  30  30  28  25  29  31  31  28
  28  29  29  29  29  28  27  27  28  28  28  29  29  29  30  30  30  28  28  28
  28  29  29  28  29  29  28  28  29  30  30  28  28  28  27  25  27  28  29  29
  31  32  29  28  28  28  29  28  30  32  32  31  29  28  28  29  30  30  28  25
  28  30  28  28  28  30  32  29  29  29  29  30  32  32  28  26  28  29  29  29
  32  32  32  29  28  27  27  28  32  33  31  27  27  25  27  27  30  32  32  30
  28  28  28  28  28  27  27  27  29  29  28  28  30  32  32  29  29  28  29  28
  28  28  28  28  29  29  29  29  28  27  28  28  31  32  31  28  29  30  29  28
  28  28  29  29  30  30  28  27  29  31  32  32  30  28  28  28  30  29  27  25
  24  26  28  28  29  29  28  28  29  30  29  29  29  28  28  28  31  32  32  30
  31  31  32  31  28  28  28  28  30  28  28  27  27  28  27  28  28  29  31  30
  28  28  28  30  32  30  29  28  28  29  29  28  29  29  29  28  29  30  28  28
  28  28  28  29  29  29  29  27  28  28  27  27  28  32  29  28  28  28  28  28
  28  28  27  28  28  28  28  28  29  28  27  27  28  29  29  28  25  27  31  30
  32  32  31  28  29  31  30  29  29  29  28  27  30  31  28  26  28  30  33  33
  28  28  27  28  32  29  28  28  27  30  32  31  31  29  27  25  27  31  31  27
  28  28  32  33  32  31  28  28  30  30  30  28  27  28  27  27  29  29  29  28
  27  27  27  27  28  28  28  30  32  32  30  28  28  28  28  27  29  29  29  27
  27  28  28  27  28  30  31  29  29  29  30  30  31  32  32  28  28  28  31  32
  32  32  29  28  28  28  28  27  28  28  29  28  28  29  30  29  29  28  28  28
  28  28  28  28  29  29  28  27  27  28  28  28  28  28  28  28  32  31  28  28
  28  31  34  31
  28  27  27  28  29  30  30  28  28  29  31  31  31  31  28  25  28  29  30  27
  27  28  29  29  30  30  30  28  28  28  28  27  28  29  29  29  29  29  29  29
  29  28  31  31  31  29  28  28  28  28  29  29  29  29  31  31  29  29  28  28
  29  29  28  27  28  31  32  28  28  28  27  27  28  28  28  28  28  29  29  28
  29  28  27  27  28  30  29  28  27  25  25  25  29  32  33  31  28  29  30  29
  29  29  28  25  28  31  28  27  28  31  29  27  27  28  29  29  30  31  27  25
  28  30  29  27  27  28  29  29  30  28  27  29  31  32  31  31  31  28  28  28
  29  32  34  31  30  30  29  28  29  31  30  27  28  28  28  28  28  31  32  29
  29  29  29  29  32  32  29  26  27  28  31  30  28  28  28  27  30  32  29  28
  28  31  32  32  32  28  28  28  29  29  29  29  29  29  29  27  28  29  29  28
  28  29  30  28  29  32  32  29  32  31  28  26  27  29  32  32  31  28  27  27
  28  29  29  28  27  27  28  28  28  30  31  31  29  28  28  28  29  30  29  28
  29  31  31  30  30  31  30  29  30  29  27  27  27  27  27  28  28  27  28  28
  29  29  29  30  29  29  29  28  29  29  29  28  30  31  31  28  26  26  27  29
  29  28  30  30  29  29  27  26  28  29  31  28  27  28  30  31  33  33  32  29
  28  28  28  28  29  28  28  28  30  32  29  27  28  29  29  29  28  29  29  29
  30  29  28  28  27  27  27  27  29  29  29  28  28  28  28  28  28  29  29  27
  28  31  32  32  32  30  29  29  29  29  30  30  30  30  30  30  30  29  25  25
  27  29  29  28  27  27  27  27  28  28  28  28  28  29  30  29  30  30  29  27
  27  29  30  29  30  31  29  28  29  30  30  30  31  31  32  32  29  28  27  25
  29  29  29  27  27  29  29  29  29  29  28  27  28  29  30  28  28  28  28  28
  30  31  29  28  28  27  29  29  30  31  29  28  29  29  29  27  27  29  31  31
  31  29  28  28  28  28  28  28  31  31  30  27  25  29  30  29  29  29  29  28
  29  31  31  29  29  30  32  32  30  30  28  27  30  31  30  28  28  29  29  28
  28  28  27  27  28  28  29  29  31  29  28  28  28  28  29  28  28  26  26  28
  31  33  32  29  29  29  29  27  26  28  30  30  31  31  28  27  27  28  29  29
  29  28  31  31  33  32  27  23  24  29  33  33  29  28  28  28  32  33  32  28
  28  30  29  29
  28  29  32  32  32  32  30  28  30  31  30  28  27  29  32  32  32  29  27  23
  26  30  30  29  29  29  29  29  31  30  29  28  30  32  29  26  28  28  27  27
  28  31  32  31  31  30  27  26  27  29  29  27  27  27  27  27  27  27  27  29
  31  30  27  25  25  27  30  30  33  33  32  30  28  28  29  30  30  28  28  28
  29  29  28  28  30  32  32  28  27  28  30  30  30  30  31  30  30  31  31  25
  26  28  30  29  29  30  28  27  28  28  28  27  27  28  31  29  29  28  25  27
  28  29  29  29  31  30  30  31  32  32  31  30  30  32  32  31  28  28  27  25
  29  31  29  27  27  29  29  29  29  29  29  29  29  29  32  33  32  28  27  28
  30  29  29  28  28  29  31  31  30  29  27  25  29  32  32  28  28  30  30  29
  28  28  29  29  31  32  29  27  28  29  30  28  28  28  28  28  28  28  29  29
  30  30  28  28  29  29  29  28  28  29  29  29  29  29  29  31  31  31  28  29
  32  29  29  28  31  32  32  31  29  29  32  32  29  27  27  27  29  31  31  30
  29  29  29  28  30  32  31  28  29  30  27  26  28  31  32  32  31  28  27  27
  28  29  30  31  31  32  29  28  29  28  28  26  27  32  34  32  32  30  27  25
  27  30  32  29  28  28  31  32  29  28  28  29  32  32  31  28  28  29  31  31
  32  32  32  31  31  31  28  25  26  28  29  29  28  29  31  30  30  28  28  27
  29  30  30  28  28  28  31  31  31  30  28  27  27  26  25  26  28  29  29  28
  28  28  32  30  29  28  27  28  29  29  28  28  27  27  28  28  30  28  27  27
  28  29  29  30  32  32  32  28  27  27  27  28  32  32  32  30  27  27  29  31
  33  32  29  28  28  28  28  28  29  29  28  27  29  29  29  29  30  32  32  31
  31  29  28  27  28  28  30  30  29  28  27  28  31  30  29  28  28  30  32  28
  28  29  31  28  29  30  28  26  29  31  31  29  28  28  27  27  31  32  32  29
  28  28  27  25  28  28  27  26  27  27  29  29  29  29  28  28  29  29  29  29
  29  29  29  29  30  29  28  28  28  28  28  28  31  32  32  28  28  29  32  32
  29  29  27  25  30  31  31  27  23  28  32  32  32  28  25  24  27  31  33  32
  31  30  28  27  27  29  28  27  28  28  28  28  28  28  29  29  29  28  27  27
  32  33  32  28  27  27  30  31  28  27  27  27  32  32  31  28  27  27  29  30
  29  28  28  31
  26  27  30  30  28  28  28  28  29  29  29  28  28  28  30  30  29  29  28  28
  30  32  32  28  27  27  26  25  28  29  29  28  27  28  28  29  32  29  29  27
  29  32  32  31  31  32  32  29  28  28  25  24  28  29  28  26  26  28  29  29
  30  28  28  27  29  31  29  28  28  29  29  28  27  27  27  25  30  32  32  29
  27  28  30  30  29  28  28  28  31  31  29  28  28  28  27  25  26  27  30  30
  29  28  28  28  30  30  30  28  28  27  28  28  29  30  27  27  28  29  28  26
  26  28  32  32  31  27  23  24  27  30  29  28  27  27  29  28  28  28  27  28
  29  29  29  28  28  28  28  28  29  32  32  28  25  25  27  28  31  31  30  28
  30  30  29  29  28  28  28  28  28  29  27  26  28  29  29  27  27  27  27  28
  28  28  30  29  29  29  29  31  32  32  30  28  28  29  30  29  29  29  28  25
  25  27  28  28  29  28  28  28  29  30  30  29  28  27  25  25  29  32  33  32
  31  29  29  30  30  30  28  27  29  32  32  27  24  27  28  29  32  31  29  27
  27  30  32  29  29  29  28  28  28  31  32  32  31  28  28  28  30  31  29  28
  28  29  29  27  27  27  27  27  29  30  28  28  29  31  29  28  28  28  29  28
  28  28  27  27  27  29  29  28  28  28  27  27  27  29  29  28  29  28  26  26
  29  31  32  30  31  32  29  28  28  29  30  29  28  28  29  29  30  29  28  27
  27  28  29  28  28  29  28  26  28  31  31  29  28  28  28  28  29  29  28  27
  29  30  29  29  28  31  32  30  30  29  27  27  27  28  29  27  25  25  28  30
  32  31  30  27  27  29  30  29  28  30  30  27  27  28  28  27  27  29  30  29
  29  28  28  27  29  31  31  29  29  29  30  31  31  29  29  29  30  29  29  28
  29  29  29  28  28  29  28  28  29  30  32  30  29  28  27  28  32  33  28  27
  28  31  34  32  30  28  27  29  32  33  33  29  28  29  31  31  29  30  31  29
  28  29  28  27  28  28  28  27  27  28  30  30  30  28  28  25  27  29  29  29
  29  30  31  28  27  27  27  28  29  30  30  30  30  29  28  27  27  27  27  27
  28  29  29  28  28  28  29  28  25  27  28  28  30  30  29  25  27  31  32  32
  28  28  28  29  30  31  31  28  29  29  28  27  27  28  30  32  31  28  29  32
  34  33  31  28  25  26  29  31  33  33  32  28  28  29  30  29  29  31  29  27
  29  30  31  29
  28  28  28  27  31  32  28  25  25  28  30  29  28  27  27  28  28  29  29  28
  28  28  28  28  27  28  29  28  29  29  29  27  27  29  29  29  29  30  28  27
  27  28  31  33  33  32  32  31  31  32  29  28  28  28  30  28  27  27  27  28
  29  31  31  28  28  28  28  28  28  30  31  30  30  30  28  28  30  31  32  31
  29  28  28  30  32  32  29  27  27  29  31  28  28  29  29  30  31  31  30  28
  27  28  32  31  29  29  27  25  29  30  29  28  28  31  32  32  30  28  28  27
  28  29  31  31  31  30  30  28  30  32  29  27  27  29  30  29  31  31  28  27
  28  28  29  28  28  28  28  29  30  30  29  27  28  29  29  27  26  27  29  30
  30  28  25  24  26  28  28  25  25  28  29  28  28  28  31  29  29  30  28  28
  29  31  29  27  27  28  30  29  29  27  25  25  29  30  29  27  25  26  29  28
  31  32  28  27  28  30  30  29  28  27  28  29  32  32  32  28  28  29  29  29
  31  30  29  27  29  30  28  28  28  28  29  29  29  27  27  28  29  32  32  31
  29  28  28  28  28  28  28  28  29  29  31  31  29  28  28  28  30  30  31  31
  29  30  31  31  31  29  28  28  27  27  28  27  29  29  28  28  28  30  29  28
  28  28  29  27  28  28  28  28  29  29  30  29  28  27  27  27  28  32  32  28
  28  31  31  31  31  31  30  29  29  31  31  32  32  32  31  29  29  28  32  31
  30  30  30  31  31  32  31  27  27  27  28  27  27  28  30  32  33  31  27  27
  27  29  32  30  29  29  31  31  29  28  28  28  29  29  29  28  30  31  31  27
  27  29  29  29  29  29  30  28  28  28  27  27  27  28  30  30  31  31  28  25
  28  29  29  28  27  30  31  30  30  28  25  23  28  31  32  32  31  31  31  31
  29  27  27  29  32  33  32  28  28  28  27  25  25  25  30  31  33  32  27  25
  25  28  30  28  28  27  27  27  28  29  29  29  29  29  29  29  29  28  28  28
  29  29  29  29  29  29  28  24  25  27  30  30  31  31  29  27  29  32  29  26
  27  27  29  30  31  31  28  28  29  30  30  28  28  28  29  30  30  29  29  28
  28  29  30  31  31  30  28  27  28  28  28  28  27  27  27  27  28  28  28  27
  27  28  29  28  27  27  28  29  29  29  31  28  28  29  31  32  31  31  31  27
  28  29  30  30  31  31  29  27  27  27  28  28  28  28  28  27  29  30  29  28
  28  31  33  32
  29  29  29  28  29  29  31  31  32  32  30  29  28  29  29  28  29  29  28  27
  28  29  29  29  29  29  29  29  29  29  29  29  30  30  29  28  28  29  28  28
  31  31  29  27  27  27  27  27  28  28  28  27  28  28  28  28  28  28  28  28
  28  29  29  28  30  30  29  27  28  31  32  29  28  29  29  29  31  31  28  27
  27  28  28  28  28  27  27  28  28  28  29  28  28  28  28  28  28  28  28  28
  27  26  27  27  29  29  28  28  29  32  32  29  30  30  32  32  32  28  27  27
  28  32  32  30  27  25  28  28  27  27  27  28  29  29  30  28  28  28  28  28
  29  30  30  27  25  27  30  31  32  28  28  29  32  32  29  28  25  26  28  29
  29  28  28  28  29  29  29  28  27  27  28  28  28  29  30  28  29  30  30  28
  29  31  31  31  31  31  30  27  28  28  27  27  28  30  32  30  29  28  27  27
  30  31  29  27  27  29  31  30  28  28  30  30  32  32  30  28  28  30  30  28
  28  28  29  28  29  31  28  28  29  29  29  27  27  27  27  27  30  31  30  30
  31  30  28  28  31  33  34  30  28  28  28  30  32  32  31  28  29  31  31  30
  30  28  29  29  29  32  32  31  29  29  31  28  28  28  24  23  28  32  32  29
  26  27  29  29  29  29  27  27  29  31  32  28  28  28  28  28  30  30  28  26
  25  27  28  28  29  29  28  27  30  31  29  27  27  28  28  28  28  28  29  28
  30  31  29  28  28  30  30  28  28  27  28  29  32  33  32  30  30  29  28  28
  28  27  27  28  30  30  29  28  28  28  27  27  28  29  29  28  28  29  31  31
  30  30  27  27  30  31  32  27  27  28  29  31  31  31  29  27  28  28  28  27
  28  28  28  28  29  32  32  29  29  27  27  27  28  28  28  28  28  28  28  27
  27  27  27  27  29  29  29  28  28  29  29  29  29  29  30  29  30  31  32  31
  29  28  28  28  29  29  28  27  26  27  28  29  29  28  27  25  25  27  31  31
  31  31  28  27  27  27  27  25  27  29  28  28  30  31  31  28  24  24  27  30
  32  29  27  25  27  28  28  28  28  29  29  28  27  25  26  27  28  29  28  28
  29  29  29  30  31  30  31  31  32  29  27  27  29  33  34  31  29  29  29  29
  31  31  29  27  27  28  28  27  27  29  30  28  31  32  29  26  27  31  32  30
  31  31  30  29  28  28  28  29  29  29  27  27  29  29  29  28  28  28  29  31
  32  32  29  28
i_gainStatus    =    1   1   1   1   1   1   1   1
i_NumCoinc      =    0   0   0   0   0   0   0   0
i_rawPkHt       =   34  34  34  34  34  34  34  34
i_spare2        =    0   0   0   0   0   0   0   0   0   0   0   0   0   0   0
   0   0   0   0   0   0   0   0   0   0   0   0   0   0   0   0   0   0   0   0
   0   0   0   0   0   0   0   0   0   0   0   0   0   0   0   0   0   0   0   0
   0   0   0   0   0   0   0   0   0   0   0   0   0   0   0   0   0   0   0   0
   0   0   0   0   0   0   0   0   0   0   0   0   0   0   0   0   0   0   0   0
   0   0   0   0   0   0   0   0   0   0   0   0   0