=GLA01
version=v6_0
type=LONG
i_rec_ndx       =    241455462
i_UTCTime       =    118796746      274202
i_gla01_rectype =        2
i_Spare1        =        0
i_filtnum       =    2   2   2   2   2   2   2   2
i_shot_ctr      =       65      66      67      68      69      70      71
      72
i_statflags     =     66326527    66326527    66326527    66326527    66326527
    66326527    66326527     1048641
i_gainSet1064   =      250     250     250     250     250     250     250
     250
i_4nsPeakVal    =       32      32      32      32      32      32      32
      40
i_8nsPeakVal    =       30      30      30      31      31      31      31
      37
i_4nsBgMean     =     2916    2921    2937    2925    2951    2941    2934
    2942
i_4nsBgSDev     =      169     166     168     170     168     173     171
     168
i_samp_pad      =       44      44      44      44      44      44      44
       0
i_comp_type     =    1   1   1   1   1   1   1   0
i_rng_wf        =   29  29  30  31  27  28  29  26  27  28  27  28  29  27  28
  27  28  31  28  26  28  30  29  29  31  29  30  30  31  28  26  27  31  28  28
  28  28  29  32  29  27  30  32  27  28  28  28  28  31  28  29  32  27  26  32
  28  27  30  28  28  31  29  29  28  26  31  32  27  28  32  31  30  29  30  30
  28  28  29  30  29  30  28  30  32  29  27  31  29  28  30  27  27  30  26  28
  29  28  29  30  31  32  29  28  28  31  30  30  28  28  28  28  27  29  28  27
  27  32  29  28  30  28  25  26  30  29  30  31  29  28  27  28  31  30  28  30
  30  29  31  31  28  28  28  28  30  29  28  29  29  29  29  30  28  29  32  31
  27  27  29  30  30  29  30  28  28  29  28  30  29  29  29  29  28  28  29  30
  29  28  30  29  28  29  29  27  29  32  28  26  28  25  28  33  28  24  30  28
  28  29  29  28  29  30  31  30  29  28  26  27  29  27  25  29  28  26  28  29
  31  30  27  28  29  29  29  30  30  28  28  29  29  32  31  32  29  29  31  27
  27  29  29  29  28  28  31  29  28  27  27  29  28  27  28  28  30  32  29  30
  31  26  26  30  31  30  30  30  29  29  28  28  28  30  31  32  30  28  28  28
  28  28  27  27  27  29  29  28  28  28  27  31  29  28  32  30  27  31  30  26
  32  31  28  32  29  27  30  29  27  28  28  31  29  29  30  28  27  30  31  29
  29  30  30  32  28  29  29  28  26  28  27  30  29  28  28  31  30  27  27  28
  29  29  27  28  30  28  28  31  29  27  29  28  28  29  29  29  28  29  28  29
  30  28  27  28  30  31  31  30  29  30  30  28  27  27  27  28  28  28  29  30
  27  30  30  29  28  28  29  31  29  30  28  29  29  28  29  31  31  29  31  32
  29  31  29  27  26  28  27  29  30  30  30  28  30  30  26  28  31  32  29  28
  30  31  28  30  30  28  28  30  29  31  27  27  29  28  30  30  27  28  30  29
  28  28  27  28  29  27  26  27  28  28  27  27  28  29  30  28  28  29  28  28
  31  30  29  29  28  29  32  27  28  33  29  28  29  28  27  30  30  29  28  30
  28  28  29  29  30  29  27  30  29  28  30  31  28  31  30  28  28  31  30  29
  28  28  28  28  27   0   0   0   0   0   0   0   0   0   0   0   0   0   0   0
   0   0   0   0   0   0   0   0   0   0   0   0   0   0   0   0   0   0   0   0
   0   0   0   0   0   0   0   0   0
  28  28  28  28  28  28  28  29  29  30  32  29  27  27  29  26  28  31  28  29
  32  29  27  28  29  30  32  28  28  29  28  27  28  28  27  27  29  29  28  27
  28  27  28  29  29  29  29  28  29  29  29  29  30  28  30  30  27  27  27  28
  30  28  28  28  30  31  28  25  24  24  28  28  28  32  30  27  29  28  26  26
  27  30  29  25  30  28  26  28  29  26  28  28  28  29  28  25  26  28  28  31
  33  28  28  28  28  28  28  28  30  28  28  32  31  25  26  29  27  28  29  28
  28  27  30  31  29  28  30  30  28  30  29  28  28  31  31  26  28  30  29  28
  29  29  30  28  28  28  28  27  29  30  28  28  30  30  28  28  30  30  29  28
  26  29  29  28  28  28  28  28  30  31  31  28  30  29  28  29  28  24  25  27
  28  28  28  27  27  30  28  27  32  29  28  28  27  28  28  29  28  27  28  28
  30  29  28  29  30  27  27  30  30  28  31  29  26  29  32  29  30  27  25  27
  30  28  27  29  31  28  28  29  31  30  28  28  31  30  26  28  30  27  27  31
  31  27  32  30  28  29  30  29  30  28  28  28  29  28  29  28  28  31  30  28
  29  28  27  24  28  29  28  29  30  26  26  29  29  26  26  29  28  28  28  26
  28  32  32  30  30  30  28  29  31  29  28  28  27  29  29  31  32  27  26  28
  29  28  30  30  28  28  30  29  29  28  27  26  30  30  28  29  32  28  29  31
  27  27  29  27  28  28  28  28  27  26  26  29  29  27  27  28  29  31  29  28
  28  26  28  28  25  28  31  27  28  29  28  31  32  26  26  28  26  25  29  31
  31  28  28  29  29  27  28  27  27  27  28  28  30  31  31  28  28  28  30  27
  29  29  31  32  28  28  31  29  29  30  29  27  28  29  32  32  29  30  30  27
  29  26  25  28  28  27  28  28  27  28  29  28  28  30  31  29  27  28  28  28
  29  27  25  27  27  27  30  30  26  29  29  26  25  28  30  29  28  29  30  29
  29  28  28  26  28  29  27  29  30  28  28  29  28  29  28  27  27  27  26  29
  30  26  28  28  27  28  31  28  30  28  29  31  28  28  31  30  29  28  28  29
  31  27  28  29  30  28  31  30  28  28  29  29  31  28  28  28  30  32  29  29
   0   0   0   0   0   0   0   0   0   0   0   0   0   0   0   0   0   0   0   0
   0   0   0   0   0   0   0   0   0   0   0   0   0   0   0   0   0   0   0   0
   0   0   0   0
  32  32  28  30  29  28  29  28  28  29  29  29  28  28  30  30  28  27  28  28
  28  29  29  28  28  27  28  28  28  28  29  28  29  30  27  28  29  24  27  30
  27  25  27  28  29  30  32  28  26  27  28  27  29  29  29  28  28  29  29  27
  28  31  31  28  28  28  29  26  30  30  27  27  28  29  30  27  28  29  28  28
  29  29  28  28  29  26  27  28  27  27  31  28  29  29  27  27  31  30  28  30
  29  27  28  28  29  29  29  26  28  27  29  30  31  28  29  29  28  29  28  28
  30  28  29  29  31  29  25  27  31  29  27  29  30  28  27  28  28  24  27  30
  28  28  29  28  29  30  30  28  27  29  30  26  27  27  28  28  28  30  28  27
  29  26  28  31  28  27  28  27  27  28  27  27  30  27  28  30  29  30  32  29
  28  29  29  28  29  28  27  27  30  28  28  28  29  28  31  33  29  27  29  30
  29  31  31  29  31  30  25  29  29  27  30  29  28  29  27  26  28  29  29  29
  29  30  31  29  28  29  29  29  28  26  28  28  29  30  28  27  30  28  28  28
  29  29  30  29  29  25  31  32  28  29  28  25  26  30  29  28  30  28  28  27
  28  28  23  27  28  27  28  29  29  29  28  29  30  30  29  27  28  27  28  31
  28  28  29  29  28  29  29  29  28  30  29  29  30  28  27  30  30  30  30  28
  27  27  27  29  28  28  28  26  27  27  28  29  27  27  28  28  28  28  30  28
  29  30  29  29  30  27  28  32  30  28  28  27  27  30  29  26  28  30  29  29
  31  30  27  30  28  25  30  31  27  28  29  26  26  29  30  29  28  28  27  29
  29  27  29  29  27  27  27  24  30  30  27  29  32  29  27  29  28  26  28  28
  27  27  28  28  31  30  28  29  29  28  28  26  26  32  28  28  30  27  27  27
  27  27  28  28  29  28  27  29  29  28  33  30  27  28  27  27  29  30  28  27
  28  28  28  29  30  27  27  30  31  30  28  29  28  27  29  29  27  28  28  27
  28  28  29  29  28  26  31  29  24  27  29  28  27  27  26  28  30  27  28  29
  30  28  28  28  28  27  32  30  30  31  30  33  27  26  29  26  27  28  30  30
  27  27  29  31  29  25  30  28  28  29  31  30  29  29  31  28  28  29  31  29
   0   0   0   0   0   0   0   0   0   0   0   0   0   0   0   0   0   0   0   0
   0   0   0   0   0   0   0   0   0   0   0   0   0   0   0   0   0   0   0   0
   0   0   0   0
  28  27  28  27  27  28  31  29  28  29  27  27  28  28  28  29  30  28  29  29
  27  30  28  27  29  28  26  31  31  27  29  29  28  28  29  28  28  28  29  28
  31  28  29  31  28  26  28  29  29  29  30  27  28  27  26  28  30  25  28  28
  27  30  29  28  31  29  28  28  28  28  28  28  30  30  29  28  28  28  29  29
  28  29  29  25  28  28  28  29  31  28  28  29  28  30  32  28  28  30  24  26
  31  26  28  30  28  28  29  27  29  28  27  27  28  27  28  30  29  30  29  26
  28  28  27  28  31  27  29  33  32  27  29  28  28  31  30  25  25  26  25  27
  27  28  31  27  31  32  28  29  29  30  29  28  28  27  29  28  27  29  30  27
  28  28  28  28  29  27  27  28  31  28  28  28  27  27  28  28  28  28  26  27
  29  28  29  26  28  29  29  29  28  27  28  28  28  28  30  28  27  29  27  27
  32  29  27  27  28  30  28  27  29  28  27  28  30  29  29  31  30  28  28  29
  29  28  28  26  28  27  24  31  31  27  27  29  29  29  29  28  27  28  30  29
  29  32  30  26  27  28  28  29  29  27  27  28  29  29  30  27  28  29  29  29
  30  28  29  29  29  29  31  29  30  29  28  27  31  28  28  29  30  28  31  30
  28  29  28  27  30  29  29  28  30  29  31  29  29  29  28  28  30  31  26  28
  32  28  30  31  26  27  31  30  30  28  28  27  28  29  29  29  29  27  27  30
  25  25  29  29  28  32  30  27  27  31  31  28  30  28  29  31  28  28  27  27
  27  28  29  28  28  29  28  27  29  31  28  27  33  30  27  32  31  29  29  28
  29  28  26  27  29  27  29  30  31  29  27  26  29  28  28  29  31  26  27  28
  28  28  31  28  29  29  30  32  32  30  29  29  31  28  28  28  27  27  31  31
  30  29  28  28  31  30  29  29  30  27  27  31  32  28  28  28  28  28  30  28
  30  27  28  28  28  27  31  28  28  29  28  28  33  33  28  28  31  29  29  28
  30  30  28  29  28  27  25  28  29  25  26  30  28  27  29  27  29  31  28  28
  32  28  26  28  28  26  27  30  31  28  28  28  29  28  28  29  32  31  29  28
  29  29  28  29  29  29  30  30  28  27  27  28  29  30  29  30  32  27  28  31
   0   0   0   0   0   0   0   0   0   0   0   0   0   0   0   0   0   0   0   0
   0   0   0   0   0   0   0   0   0   0   0   0   0   0   0   0   0   0   0   0
   0   0   0   0
  27  27  29  25  27  30  28  28  30  28  30  32  31  27  27  29  31  27  28  32
  28  28  29  30  33  28  28  31  30  27  32  32  30  28  28  31  28  29  32  29
  28  32  28  26  25  28  30  32  29  27  28  29  30  28  30  29  27  28  31  28
  28  30  33  31  28  30  31  26  28  29  28  29  29  27  28  30  30  29  29  28
  30  30  30  32  30  28  32  29  28  30  31  31  28  27  28  28  29  30  30  29
  28  28  30  28  28  29  30  27  32  30  30  32  29  28  29  29  29  30  28  27
  32  26  26  29  30  30  30  29  28  28  28  27  28  26  27  29  32  32  28  28
  31  29  31  29  31  27  24  31  32  26  27  29  28  28  30  29  31  28  29  30
  29  28  27  28  30  28  29  32  30  29  29  28  30  30  28  27  30  30  28  29
  29  28  31  29  29  33  33  32  32  30  28  28  31  28  29  29  32  31  28  29
  28  27  29  29  30  32  29  30  30  32  31  26  28  31  28  30  28  27  29  27
  26  29  29  28  29  29  28  31  32  30  30  29  30  29  28  29  29  28  30  29
  29  30  29  28  29  28  31  31  27  28  31  27  30  30  29  28  31  27  29  30
  29  29  29  29  29  27  30  30  28  28  28  27  28  29  30  29  28  27  28  29
  30  31  31  32  29  31  33  30  28  29  28  29  31  30  30  29  29  29  30  29
  28  28  28  29  31  27  29  30  29  29  28  28  30  28  28  28  26  28  32  28
  29  30  28  28  29  29  30  29  28  29  29  28  27  28  29  29  30  30  29  28
  29  29  31  27  29  30  28  29  31  28  27  27  28  31  30  28  31  28  28  31
  28  27  30  29  31  31  31  30  28  28  31  29  28  28  24  27  31  28  27  30
  31  29  30  29  29  27  26  30  27  30  31  25  28  29  29  26  30  30  28  30
  29  28  29  29  28  24  30  32  29  27  27  26  29  28  29  31  29  27  29  31
  30  30  30  27  28  29  28  28  31  28  28  31  28  29  28  28  28  30  29  28
  30  26  27  31  30  27  28  31  29  28  29  31  31  29  32  30  30  31  30  30
  30  28  29  30  31  30  29  29  31  29  29  29  31  31  31  28  30  29  28  31
  28  26  31  27  29  31  27  29  29  30  32  30  29  29  29  28  31  30  26  29
   0   0   0   0   0   0   0   0   0   0   0   0   0   0   0   0   0   0   0   0
   0   0   0   0   0   0   0   0   0   0   0   0   0   0   0   0   0   0   0   0
   0   0   0   0
  29  30  28  28  29  30  30  29  29  32  32  30  29  26  30  29  25  29  29  26
  27  30  28  28  29  29  29  29  28  28  28  28  29  29  32  29  27  29  29  28
  28  29  29  26  28  31  32  30  28  30  29  29  29  27  28  29  31  27  29  31
  27  27  32  27  27  28  28  27  31  28  30  31  28  29  30  27  28  28  27  31
  29  28  29  27  28  31  31  28  28  28  31  31  28  29  28  27  27  28  28  28
  29  31  31  27  28  29  30  28  29  27  28  29  28  27  29  29  28  28  30  28
  24  28  31  26  25  28  28  27  29  30  32  32  28  31  32  27  29  28  27  28
  28  28  28  27  30  30  30  32  31  30  30  29  30  29  30  31  28  28  32  27
  28  30  28  29  30  29  28  28  29  30  30  27  27  27  28  30  30  29  29  27
  28  29  27  28  28  28  30  29  28  30  30  28  31  29  29  28  28  29  30  28
  27  30  32  29  28  28  29  29  26  27  31  29  28  31  29  28  31  29  29  29
  32  28  30  30  30  27  28  29  28  28  28  27  27  29  28  31  31  29  29  27
  29  28  28  29  31  30  29  27  29  29  27  28  29  28  28  28  28  28  30  29
  27  29  31  27  29  30  29  29  29  27  29  28  30  32  29  29  29  28  28  29
  29  29  31  30  31  31  28  28  28  28  29  30  28  28  32  29  29  28  28  28
  28  28  30  29  31  26  27  29  28  27  27  27  27  26  31  28  29  31  29  28
  28  28  32  30  26  28  30  28  28  29  28  28  28  31  28  28  29  29  27  25
  28  28  29  29  31  28  28  30  29  28  31  29  29  30  29  29  30  29  28  28
  31  31  30  30  27  28  31  28  26  28  29  29  30  30  28  28  29  30  31  29
  29  30  26  28  28  25  28  29  27  25  28  29  29  29  30  29  28  28  29  30
  31  30  29  29  27  28  29  27  29  32  30  29  27  28  31  29  27  28  29  28
  28  28  28  31  27  28  30  29  28  31  28  27  30  29  28  31  32  28  28  27
  26  29  28  28  29  28  28  28  29  28  29  28  28  27  31  32  31  28  30  30
  27  28  28  27  30  28  27  29  28  31  30  28  28  29  29  29  29  29  27  32
  30  25  28  27  26  31  31  25  29  30  28  28  28  27  28  29  28  27  27  28
   0   0   0   0   0   0   0   0   0   0   0   0   0   0   0   0   0   0   0   0
   0   0   0   0   0   0   0   0   0   0   0   0   0   0   0   0   0   0   0   0
   0   0   0   0
  30  30  29  29  30  30  29  28  29  29  28  28  29  28  29  30  28  28  29  28
  28  28  29  29  30  31  30  28  29  29  29  28  28  28  29  29  29  31  31  29
  29  32  30  27  27  28  30  31  31  29  26  30  30  28  30  31  29  30  33  30
  29  33  27  31  32  26  29  30  29  32  31  30  29  29  29  29  27  27  29  29
  29  31  32  30  28  25  31  32  28  28  29  27  30  31  29  29  32  28  27  30
  30  26  28  29  28  27  29  29  31  28  31  32  29  28  31  31  28  27  28  28
  29  28  28  28  30  30  27  26  29  28  29  30  28  28  32  29  29  31  29  25
  29  28  31  32  32  30  29  29  28  28  31  29  29  28  28  33  32  26  30  30
  28  30  29  28  29  30  29  29  29  28  30  29  28  29  29  29  31  27  28  29
  30  28  30  30  31  31  32  31  29  30  28  27  27  28  32  30  26  30  29  27
  30  29  27  29  29  27  29  29  28  29  31  29  28  28  28  32  28  28  31  29
  28  31  28  28  28  28  30  29  27  27  28  29  28  26  28  31  28  27  30  30
  29  30  32  27  27  27  26  27  32  30  28  28  31  29  28  29  29  28  30  28
  29  31  28  28  29  28  31  29  28  27  28  29  28  31  31  27  30  29  29  30
  27  27  28  26  30  33  29  29  32  28  27  32  32  29  29  28  28  27  31  32
  30  27  28  28  32  31  29  28  28  28  30  28  28  31  29  27  32  32  29  29
  31  30  29  29  29  28  29  29  31  29  27  28  32  29  28  29  28  28  28  28
  31  32  29  32  31  24  28  29  27  29  29  29  31  29  30  30  29  28  30  27
  27  27  29  29  28  29  31  28  28  27  27  28  28  25  29  29  28  27  28  27
  31  32  29  29  29  25  29  30  32  32  27  29  31  27  28  28  28  29  29  28
  31  27  27  28  28  27  29  28  27  27  28  29  28  27  28  29  28  28  30  30
  28  27  28  28  28  32  31  28  29  29  28  28  29  30  31  25  29  30  29  29
  30  29  31  28  28  29  28  29  29  28  29  28  27  29  28  27  29  28  29  29
  28  28  30  29  28  26  28  29  31  30  31  30  30  28  30  29  28  29  29  29
  29  28  29  30  30  32  30  28  30  28  29  30  26  26  29  27  28  27  28  32
   0   0   0   0   0   0   0   0   0   0   0   0   0   0   0   0   0   0   0   0
   0   0   0   0   0   0   0   0   0   0   0   0   0   0   0   0   0   0   0   0
   0   0   0   0
  32  34  32  27  25  28  36  42  43  43  39  38  38  35  35  36  37  37  35  32
  32  32  32  32  33  36  37  36  36  36  37  37  37  35  35  35  39  41  34  27
  27  33  38  41  42  39  38  38  38  40  40  40  41  38  37  37  35  33  32  31
  33  35  36  35  34  32  32  32  36  40  41  41  39  37  34  34  36  38  44  44
  40  33  31  31  32  33  33  36  41  41  40  38  36  33  32  32  33  36  38  36
  34  34  32  29  29  30  33  34  34  33  30  32  33  34  35  35  38  38  36  32
  32  35  40  41  40  38  36  34  34  33  33  33  36  37  38  36  33  34  32  31
  30  28  32  34  37  37  33  31  31  31  32  33  34  34  34  32  33  33  33  33
  31  30  29  28  32  35  33  29  29  31  33  34  37  38  36  31  31  32  34  33
  32  31  31  32  32  32  30  30  31  30  32  32  32  32  32  31  29  29  31  31
  32  32  31  31  31  31  31  30  30  30  31  31  32  32  32  30  30  32  32  31
  31  32  30  28  29  31  32  29  29  31  31  31  32  31  29  28  29  31  33  32
  31  29  31  32  32  31  31  31  31  29  29  29  29  29  31  31  29  28  28  28
  29  29  28  28  28  30  32  31  29  28  28  28  32  33  32  29  28  27  28  29
  29  29  27  27  32  33  32  29  28  28  28  28  28  27  27  27  28  29  29  29
  29  27  26  27  28  32  32  31  29  28  28  28  28  28  28  29  32  32  30  28
  26  26  29  29  30  29  28  28  29  30  30  29  29  29  29  28  29  29  29  29
  29  29  29  29  30  30  30  31  32  29  29  30  30  32  32  28  28  29  29  29
  28  28  30  29  28  27  24  24  27  30  30  27  27  28  28  27  27  28  29  29
  29  30  29  28  29  29  29  27  27  28  32  32  29  27  27  27  29  29  28  28
  28  30  30  28  28  28  28  28  31  31  29  29  29  30  32  31  30  28  28  28
  30  30  30  29  28  29  27  27  29  29  32  28  27  28  27  27  29  30  29  27
  27  28  29  30  31  31  32  32  32  32  32  28  29  28  29  28  28  31  31  31
  29  29  28  28  31  31  29  27  28  31  33  31  25  24  24  27  32  32  31  28
  27  28  31  31  30  28  28  28  29  29  29  28  29  29  29  27  27  29  29  27
  30  30  29  27  28  31  32  32  31  29  28  28  31  31  29  27  28  28  32  32
  29  28  29  31  33  33  29  24  25  29  31  29  28  28  28  29  32  32  30  27
  28  28  30  30
i_gainStatus    =    1   1   1   1   1   1   1   1
i_NumCoinc      =    0   0   0   0   0   0   0   5
i_rawPkHt       =   33  34  34  34  34  33  34  44
i_spare2        =    0   0   0   0   0   0   0   0   0   0   0   0   0   0   0
   0   0   0   0   0   0   0   0   0   0   0   0   0   0   0   0   0   0   0   0
   0   0   0   0   0   0   0   0   0   0   0   0   0   0   0   0   0   0   0   0
   0   0   0   0   0   0   0   0   0   0   0   0   0   0   0   0   0   0   0   0
   0   0   0   0   0   0   0   0   0   0   0   0   0   0   0   0   0   0   0   0
   0   0   0   0   0   0   0   0   0   0   0   0   0