=GLA01
version=v6_0
type=LONG
i_rec_ndx       =    241455462
i_UTCTime       =    118796746      274202
i_gla01_rectype =        2
i_Spare1        =        0
i_filtnum       =    2   2   2   2   2   2   5   3
i_shot_ctr      =       73      74      75      76      77      78      79
      80
i_statflags     =            0    66326527    66326527    66326527    66326527
    66326527           0           0
i_gainSet1064   =      250     250     250     250     250     250     250
     250
i_4nsPeakVal    =       44      33      32      32      33      35      45
      42
i_8nsPeakVal    =       42      31      31      31      30      33      54
      39
i_4nsBgMean     =     2941    2943    2929    2952    2936    2929    2933
    2944
i_4nsBgSDev     =      169     173     173     170     170     170     173
     171
i_samp_pad      =        0       0       0       0       0       0       0
       0
i_comp_type     =    0   0   0   0   0   0   0   0
i_rng_wf        =   33  34  34  34  34  36  36  36  36  34  35  36  36  34  33
  32  34  37  37  33  32  32  33  34  37  37  37  37  36  36  38  38  38  38  36
  32  32  32  33  36  36  34  35  36  40  42  39  33  32  36  41  41  38  36  34
  34  41  47  50  46  41  39  38  38  38  38  38  38  42  46  46  46  46  44  44
  44  41  40  37  35  34  34  35  34  37  38  36  36  36  34  34  34  36  36  36
  36  38  38  38  37  37  37  37  35  35  35  34  32  32  32  35  37  37  37  35
  32  32  32  32  33  34  34  34  30  30  32  33  33  33  32  30  29  32  32  30
  29  30  33  34  32  31  33  36  37  37  36  35  34  36  35  34  32  34  35  34
  32  33  34  34  33  31  31  28  28  31  31  30  29  31  32  34  32  32  34  34
  34  34  32  30  27  29  32  32  32  30  28  28  29  30  29  29  28  32  32  32
  31  29  28  29  30  31  28  28  28  29  29  28  28  29  29  28  28  31  32  32
  30  29  28  29  30  32  33  33  31  28  28  28  27  28  29  29  29  31  31  29
  28  28  28  29  29  30  30  29  28  29  30  30  29  29  28  29  29  32  32  28
  28  29  30  30  26  25  26  29  31  33  32  31  29  29  29  29  31  31  29  29
  29  31  29  28  28  30  32  32  31  30  30  30  28  31  32  32  29  29  31  32
  28  28  27  27  27  29  31  31  30  28  28  28  27  29  30  30  30  31  31  30
  28  28  29  27  27  28  28  29  28  29  29  27  28  30  29  29  29  31  28  27
  28  32  33  32  31  31  28  27  27  29  32  35  31  28  26  24  27  29  31  31
  28  28  27  27  27  28  29  29  28  30  32  31  30  31  31  33  32  32  32  31
  31  31  32  31  27  29  32  32  32  32  31  29  28  28  28  28  28  28  29  29
  28  28  27  28  28  27  27  29  31  33  33  31  28  28  32  34  32  29  28  26
  25  26  28  31  28  28  28  28  28  29  30  30  29  29  29  29  28  29  28  28
  28  27  28  29  28  30  29  28  26  27  29  29  29  30  30  28  27  28  30  32
  29  31  30  27  27  28  30  30  29  30  28  27  28  31  32  30  29  30  28  27
  25  25  27  31  31  31  29  27  27  27  29  31  29  30  30  30  28  28  30  30
  28  29  30  30  30  32  31  28  27  31  32  32  29  28  28  27  27  28  28  29
  27  29  30  29  30  31  32  31  27  27  27  27  27  28  31  31  30  30  30  29
  28  28  28  29  28  28  28  28  28
  29  29  29  29  29  28  28  28  30  32  32  28  29  29  29  28  28  28  28  28
  29  29  28  27  31  32  32  32  29  28  29  31  31  27  27  27  28  29  30  31
  29  29  30  30  32  32  32  31  32  32  31  31  28  28  28  28  28  27  27  27
  28  29  30  30  28  27  28  28  29  29  29  28  27  29  31  29  29  29  28  28
  29  31  31  30  30  29  28  29  27  27  28  28  28  27  27  27  28  29  29  28
  28  29  29  27  27  31  31  29  29  28  25  25  27  31  32  31  31  31  29  25
  25  28  32  32  31  30  30  30  32  32  31  28  28  30  30  30  30  31  30  28
  28  28  29  28  30  31  31  31  30  31  29  27  28  29  31  31  29  28  28  28
  30  28  28  29  30  30  29  28  29  29  28  28  28  29  30  31  31  28  28  27
  29  30  28  28  28  29  29  28  28  28  28  28  28  28  28  28  31  32  31  30
  32  32  32  26  24  27  31  31  31  31  28  27  29  31  31  28  27  28  28  29
  29  32  32  28  28  28  28  25  28  31  31  29  28  30  31  30  31  31  31  32
  32  30  29  30  30  32  32  28  28  29  29  28  28  31  30  29  30  30  30  27
  26  27  29  29  29  28  28  26  25  30  30  28  32  32  30  27  27  31  32  29
  27  27  27  26  28  31  30  28  28  29  30  29  28  28  28  28  31  31  31  28
  28  30  31  31  29  29  29  29  29  27  27  27  27  29  31  31  29  27  27  28
  31  31  31  28  28  29  30  30  29  29  30  29  29  29  29  28  28  30  31  29
  28  29  28  27  29  31  31  28  28  31  31  31  28  28  29  29  29  28  27  24
  26  29  29  29  28  29  30  29  29  29  28  27  28  30  30  29  27  27  28  29
  32  32  32  28  29  32  32  30  29  31  30  29  31  31  31  29  29  31  30  28
  25  26  29  29  29  28  28  29  29  30  30  28  28  29  32  32  32  29  28  26
  28  29  29  28  26  27  30  30  29  28  27  27  29  29  29  27  27  30  32  32
  29  29  31  30  32  32  29  27  27  28  32  32  31  29  28  28  32  32  31  27
  27  28  29  30  31  30  28  27  30  31  31  30  28  28  31  31  31  29  28  28
  29  29  30  30  29  29  29  28  31  32  32  28  28  31  29  29  29  31  31  29
  29  28  27  27  28  32  32  30  30  31  32  32  32  31  29  27  28  29  29  29
  29  29  28  28  28  28  28  28  29  29  29  31  31  31  29  28  28  28  28  27
  28  29  30  28
  29  29  28  28  30  30  29  27  27  29  29  30  30  31  30  29  29  30  32  32
  30  28  28  30  32  32  30  28  28  29  31  29  29  29  30  32  32  32  31  28
  28  29  29  29  29  29  29  29  29  29  28  28  29  28  29  30  32  32  30  30
  30  29  29  28  28  28  28  28  28  29  29  29  31  33  31  31  31  31  31  29
  29  28  27  28  31  32  33  29  27  25  27  28  28  29  29  29  29  29  28  27
  27  25  25  24  27  29  28  25  24  28  30  29  29  28  29  29  32  32  32  29
  29  30  30  29  29  30  31  29  29  29  30  32  32  29  27  25  27  30  32  31
  28  28  30  30  29  29  29  28  29  29  28  25  26  29  32  32  31  29  29  29
  31  31  31  28  29  29  29  30  31  31  31  30  31  30  28  25  25  29  29  29
  29  29  29  29  28  28  30  30  30  30  31  31  32  32  30  28  28  30  32  29
  29  29  29  29  29  30  30  28  29  28  28  27  29  31  31  31  31  30  28  28
  28  28  29  28  28  29  30  31  32  32  29  27  28  29  29  28  30  32  32  29
  28  28  28  25  25  25  27  29  32  32  32  30  27  27  31  31  32  32  31  28
  28  30  30  29  28  28  28  28  28  29  27  24  25  28  33  34  32  28  28  29
  34  34  33  29  28  29  29  28  28  30  28  26  28  31  31  29  29  31  31  29
  27  27  27  27  31  32  32  29  27  27  28  28  32  32  30  30  31  31  32  29
  29  29  29  28  28  29  29  29  29  29  28  27  27  29  29  28  28  28  28  27
  28  28  29  30  30  30  29  29  29  29  29  28  28  28  28  28  28  29  30  29
  29  28  28  27  25  27  30  29  29  29  25  24  26  30  32  29  28  28  28  28
  29  31  31  29  30  30  29  29  28  27  29  29  29  29  28  28  28  29  29  28
  28  29  31  29  29  29  28  28  29  30  30  29  28  27  27  26  29  32  30  28
  28  29  29  29  29  28  29  29  29  29  28  28  28  30  30  28  28  27  28  28
  32  32  29  27  27  29  32  32  32  30  27  25  28  32  32  29  28  28  32  32
  33  32  30  28  28  29  30  30  30  29  28  28  29  31  30  30  32  32  29  27
  27  32  34  30  30  30  31  30  30  31  30  29  30  31  29  28  29  31  31  28
  29  28  27  27  27  28  29  30  30  29  27  27  31  32  32  29  29  29  29  30
  32  32  32  28  27  27  26  26  28  29  29  28  28  27  28  29  31  31  31  31
  32  32  31  28
  29  30  29  28  28  28  28  28  28  32  32  28  29  30  31  29  28  31  30  28
  30  31  29  27  28  31  32  30  30  31  31  30  30  31  31  29  29  28  28  28
  28  29  28  27  29  29  29  29  29  28  28  29  29  29  31  31  31  29  28  27
  28  29  29  29  28  29  28  28  29  29  30  28  28  28  28  28  29  29  29  29
  30  30  29  29  32  29  28  28  28  29  32  31  30  29  27  27  28  29  30  29
  27  27  29  31  32  32  31  29  29  29  29  28  25  28  29  32  32  29  25  23
  27  30  31  30  28  28  29  28  30  32  29  25  27  31  32  29  27  27  28  29
  32  32  32  29  29  30  30  32  32  31  29  28  28  29  29  25  23  23  25  27
  28  29  28  28  32  30  28  24  25  30  32  32  30  28  26  26  28  28  27  25
  25  27  31  31  29  29  27  26  32  32  29  26  26  28  29  29  28  27  27  27
  28  28  29  28  31  31  28  27  28  29  29  28  29  27  27  27  29  32  32  30
  28  28  27  26  28  30  30  28  28  30  31  30  29  29  29  29  30  30  30  29
  29  29  25  25  28  29  32  29  28  28  30  30  32  32  30  27  28  32  32  28
  28  27  28  29  31  31  28  27  29  29  26  26  28  28  29  28  28  28  28  31
  33  33  29  28  31  32  33  28  25  25  25  28  31  31  29  28  28  28  29  28
  28  27  27  27  28  32  31  28  28  28  30  29  29  31  31  30  32  32  31  27
  27  28  28  28  30  30  29  29  31  31  31  30  31  31  32  31  28  26  25  25
  27  27  27  25  27  29  32  31  31  30  28  27  27  29  28  29  33  31  28  25
  28  32  32  30  28  27  26  27  30  32  32  28  26  27  29  31  31  31  30  27
  29  30  30  28  29  30  30  28  28  28  27  26  28  29  29  29  31  31  29  28
  29  32  32  30  30  30  29  29  32  32  32  27  27  28  28  28  28  30  31  29
  29  28  28  28  28  28  28  28  29  29  29  28  27  27  27  27  30  31  29  28
  27  27  30  29  29  29  31  31  32  32  28  25  28  29  29  29  30  31  32  32
  31  29  27  27  31  32  32  28  29  31  32  30  28  28  28  28  29  29  29  29
  29  30  31  32  32  29  27  27  31  33  33  30  28  29  31  29  29  29  27  27
  30  31  32  28  28  28  28  28  28  28  28  27  28  28  28  28  28  28  29  29
  29  29  28  28  30  32  32  29  28  28  27  28  28  29  31  29  28  27  27  27
  29  31  30  28
  28  28  29  31  31  29  28  28  28  27  27  23  25  29  32  32  32  31  29  29
  29  29  29  28  27  27  28  29  29  29  31  31  32  32  28  27  28  29  28  27
  26  27  27  27  28  28  28  27  28  29  28  29  29  29  29  27  27  27  27  27
  28  29  30  28  27  27  28  31  32  30  29  30  32  32  32  31  30  29  29  28
  28  28  28  28  28  30  29  28  28  30  30  28  28  28  29  29  29  31  31  29
  29  29  28  27  28  30  31  28  28  29  29  29  31  31  31  29  28  27  27  27
  29  29  28  28  28  29  31  29  29  29  27  25  28  28  28  27  27  27  29  30
  29  29  29  27  29  29  27  27  28  31  29  27  30  32  33  32  28  28  29  29
  30  30  28  27  27  29  30  29  31  31  30  30  28  29  30  29  30  29  28  28
  29  31  30  29  29  29  30  30  29  28  28  28  30  30  29  28  28  29  28  25
  25  25  30  30  29  28  27  27  28  29  28  27  27  29  29  27  28  29  31  30
  29  30  31  29  31  32  29  28  28  31  31  29  28  28  28  27  28  28  29  29
  29  30  30  28  28  29  28  27  27  29  30  29  31  31  29  27  28  30  31  29
  29  29  29  29  31  31  29  27  28  32  32  29  28  28  29  27  27  27  28  29
  30  31  29  28  28  30  31  29  31  31  29  27  27  30  31  29  29  29  29  29
  29  31  31  29  29  29  28  25  26  29  29  27  28  28  28  29  31  31  28  25
  25  27  29  29  29  28  27  28  31  32  32  29  29  29  31  29  29  28  28  28
  29  29  28  28  31  32  31  29  30  31  32  28  27  27  27  27  28  29  29  29
  30  30  30  29  29  32  32  28  28  28  28  27  28  31  30  28  28  29  29  29
  29  30  32  30  28  27  25  26  29  32  30  26  26  28  33  32  29  28  27  28
  29  30  30  29  29  29  32  32  33  30  30  31  32  32  32  32  31  29  29  28
  28  29  28  28  30  31  31  28  27  27  29  28  28  28  28  29  29  31  31  28
  28  29  29  28  28  31  32  28  27  27  29  32  34  32  30  29  29  29  29  28
  28  29  28  26  28  28  28  27  27  29  29  29  29  29  28  27  30  31  31  27
  27  28  29  30  31  30  27  26  27  27  29  29  29  28  28  28  29  32  31  28
  28  29  29  26  26  28  31  31  31  31  29  29  29  29  32  29  29  29  28  28
  30  31  31  27  27  27  27  27  28  30  30  30  29  29  27  27  28  28  29  28
  28  29  29  28
  28  28  29  29  31  32  32  30  30  31  31  30  30  31  32  29  30  30  30  28
  30  31  31  29  29  30  31  30  30  28  28  28  29  30  30  28  29  29  29  29
  31  31  29  29  29  29  29  28  30  32  32  29  30  30  29  29  29  30  30  30
  30  30  32  31  28  28  28  28  29  30  29  27  27  27  28  28  32  32  32  32
  30  28  28  27  29  29  29  28  28  28  29  29  28  29  30  31  32  30  28  27
  27  28  30  30  29  29  27  25  28  29  29  27  27  29  29  29  29  27  25  26
  29  30  30  30  32  32  32  30  30  30  29  28  28  29  30  29  29  29  28  29
  29  30  30  28  29  29  29  28  28  28  29  28  27  27  28  31  32  31  30  31
  31  29  28  28  30  32  32  32  32  29  29  28  30  32  30  29  29  29  30  28
  27  27  28  28  32  32  28  28  31  31  31  29  31  32  33  31  32  31  27  27
  28  32  32  32  29  26  27  28  30  28  27  28  30  29  28  28  31  33  33  31
  28  28  28  28  28  28  28  28  28  30  31  31  32  32  31  28  28  29  29  29
  31  30  30  29  31  31  29  28  28  28  28  28  28  28  31  31  31  32  31  29
  29  29  29  27  28  30  31  30  31  31  30  29  29  30  30  29  29  29  29  29
  29  29  29  29  29  29  29  30  30  30  30  28  28  29  29  28  28  31  31  31
  31  31  31  30  31  31  31  29  29  28  28  28  28  29  28  27  29  29  30  28
  27  28  30  31  32  32  30  27  28  29  29  29  31  31  29  29  30  30  30  28
  31  32  32  32  29  29  29  29  31  29  29  29  29  29  29  29  30  32  33  31
  29  29  31  32  32  31  28  28  29  30  30  28  28  28  29  31  32  32  29  27
  28  29  27  27  28  30  32  29  28  28  27  27  25  25  25  25  30  31  29  27
  28  29  31  30  28  27  26  27  30  30  28  25  28  31  32  31  29  28  28  28
  31  32  32  29  30  32  30  29  29  29  29  29  31  31  32  31  32  32  29  29
  31  32  30  27  27  26  27  27  28  28  27  27  30  32  30  28  26  25  28  29
  30  28  27  28  29  29  32  31  29  27  27  28  32  33  31  27  27  29  32  32
  31  29  30  29  32  32  29  27  25  28  31  32  32  29  29  28  31  31  31  28
  27  28  30  30  29  28  28  28  28  30  31  31  30  30  31  32  33  30  30  31
  32  32  31  31  31  29  30  31  32  29  29  28  28  29  31  31  31  29  28  28
  28  30  31  29
  29  29  29  28  28  30  30  28  28  29  30  29  28  30  30  30  30  30  30  28
  28  28  28  28  29  31  31  32  32  30  28  25  28  32  34  31  29  28  28  28
  28  30  30  29  29  29  29  29  28  28  28  28  29  29  28  27  28  30  30  30
  30  32  34  34  34  33  32  30  32  32  32  32  32  32  29  29  32  34  36  34
  33  32  32  33  34  33  32  32  35  36  34  31  31  32  33  33  36  40  40  36
  34  30  29  27  29  32  32  32  32  32  31  29  31  32  33  32  32  31  31  32
  33  32  32  32  33  34  34  31  32  34  33  33  33  31  32  34  37  38  36  33
  32  34  36  37  37  37  35  33  36  38  40  40  40  39  37  34  33  37  40  41
  45  50  49  43  39  38  38  37  37  39  39  40  44  45  45  41  43  44  43  39
  37  39  42  43  44  44  44  46  53  56  53  44  43  50  58  60  60  56  54  54
  55  56  56  56  54  54  51  50  50  54  54  50  46  44  45  49  54  57  57  51
  50  50  54  54  54  52  47  44  45  53  54  52  48  46  44  43  43  43  43  42
  42  40  36  34  38  45  52  49  47  44  41  43  45  47  46  42  41  43  43  40
  39  37  40  41  42  44  44  46  48  50  49  43  41  43  44  44  43  44  46  46
  44  41  39  39  41  45  44  41  43  44  44  44  44  48  50  48  48  46  44  47
  54  56  53  45  41  41  47  48  46  44  43  43  46  50  50  46  43  44  47  48
  51  53  49  44  45  49  50  46  44  40  38  37  38  39  37  34  34  38  41  38
  36  36  36  36  37  35  34  34  36  36  34  33  32  32  32  32  34  34  34  32
  32  32  31  28  28  28  29  30  32  32  31  29  31  33  33  30  30  30  30  29
  31  31  29  27  27  30  31  30  30  28  28  24  28  32  32  32  32  31  31  29
  32  32  32  29  28  28  29  30  31  32  31  31  31  31  31  28  27  28  28  28
  30  31  30  27  28  30  30  28  28  28  29  29  31  32  30  29  29  30  31  29
  29  29  29  29  29  29  29  28  30  32  33  32  32  32  31  27  28  31  31  31
  31  31  31  29  28  29  31  31  32  30  27  25  30  31  29  25  25  27  29  29
  29  29  27  27  28  28  29  29  29  29  29  30  30  28  28  28  28  30  32  31
  33  34  32  29  28  30  30  30  29  28  28  26  27  28  29  31  32  32  30  28
  28  29  31  30  28  28  28  28  29  30  30  29  29  30  30  29  29  29  29  29
  28  29  28  28
  34  34  33  29  29  32  34  35  34  34  34  33  33  33  32  32  34  34  34  34
  32  32  32  31  31  30  32  32  35  35  33  32  32  34  34  34  35  35  35  35
  36  39  38  36  34  34  34  36  40  39  37  32  32  38  40  41  41  35  32  34
  36  36  34  31  32  37  43  44  44  44  41  40  40  38  36  34  36  36  36  35
  34  35  36  37  38  38  38  35  35  35  36  38  40  41  39  38  37  37  38  40
  41  43  44  44  44  44  43  39  40  43  46  44  41  41  44  45  48  51  48  43
  42  44  46  44  42  40  39  41  45  47  44  39  38  37  37  38  43  44  41  38
  38  40  43  45  48  46  41  33  32  35  34  33  30  30  32  34  36  33  32  32
  34  35  33  31  32  35  37  36  36  35  35  33  33  33  33  33  30  30  31  32
  34  36  36  35  36  40  40  40  40  40  38  34  36  40  41  38  36  32  32  35
  36  36  35  32  33  35  36  36  36  36  38  38  38  40  39  38  40  40  38  34
  32  32  33  33  33  33  31  30  29  30  33  34  37  37  36  32  32  32  33  32
  33  32  32  32  36  38  37  34  32  32  32  32  32  30  30  31  31  31  30  31
  33  33  31  28  28  32  34  31  32  32  29  29  31  31  30  29  31  32  31  30
  30  30  32  32  32  32  32  31  31  29  29  28  28  31  31  30  29  29  28  28
  28  29  29  29  30  30  30  27  26  28  28  28  28  28  28  27  27  28  28  28
  28  28  28  27  29  31  32  30  29  31  31  31  32  32  28  26  27  27  29  28
  27  25  25  28  32  33  32  28  28  29  29  29  29  29  29  28  28  28  28  27
  28  30  31  27  27  29  29  29  30  31  31  29  31  31  30  29  29  30  30  28
  28  28  27  27  28  29  32  29  29  28  27  30  32  33  32  28  30  32  32  30
  31  31  30  29  30  30  29  29  31  32  34  32  31  28  28  30  32  32  31  29
  29  29  29  28  29  29  29  28  28  28  28  29  30  30  31  28  28  29  30  31
  32  32  32  30  30  30  31  29  30  31  31  29  29  31  30  28  28  28  31  30
  28  28  28  28  29  29  28  27  29  31  30  29  28  28  28  28  25  25  27  28
  32  32  31  27  27  29  30  29  29  29  29  28  29  29  29  28  31  30  29  27
  27  28  29  29  29  29  29  27  28  29  29  28  28  28  28  27  28  28  28  28
  29  32  32  29  28  29  29  29  29  29  30  29  30  32  32  29  28  29  30  30
  30  31  31  29
i_gainStatus    =    1   1   1   1   1   1   1   0
i_NumCoinc      =    6   0   0   0   0   0   6   6
i_rawPkHt       =   47  34  34  34  34  34  60  48
i_spare2        =    0   0   0   0   0   0   0   0   0   0   0   0   0   0   0
   0   0   0   0   0   0   0   0   0   0   0   0   0   0   0   0   0   0   0   0
   0   0   0   0   0   0   0   0   0   0   0   0   0   0   0   0   0   0   0   0
   0   0   0   0   0   0   0   0   0   0   0   0   0   0   0   0   0   0   0   0
   0   0   0   0   0   0   0   0   0   0   0   0   0   0   0   0   0   0   0   0
   0   0   0   0   0   0   0   0   0   0   0   0   0