=GLA01
version=v6_0
type=LONG
i_rec_ndx       =    241455472
i_UTCTime       =    118796747      274203
i_gla01_rectype =        2
i_Spare1        =        0
i_filtnum       =    5   5   4   5   4   5   5   5
i_shot_ctr      =       81      82      83      84      85      86      87
      88
i_statflags     =            0           0           0           0           0
           0           0           0
i_gainSet1064   =      250     250     250     250     250     168      92
      89
i_4nsPeakVal    =       42      41      43     188     252     119      93
      99
i_8nsPeakVal    =       37      38     253     180     246     113      90
      93
i_4nsBgMean     =     2929    2943    2924    2921    2950    2934    2924
    2929
i_4nsBgSDev     =      172     167     169     169     173     134     105
     101
i_samp_pad      =        0       0       0       0       0       0       0
       0
i_comp_type     =    0   0   0   0   0   0   0   0
i_rng_wf        =   29  29  30  31  32  32  28  27  29  34  38  36  35  32  29
  28  30  31  30  29  32  34  34  32  30  27  28  29  34  35  32  28  28  28  29
  29  31  32  33  31  31  32  32  32  32  32  32  34  37  36  34  32  32  32  29
  29  33  33  34  32  31  28  27  28  32  34  34  33  30  29  29  31  33  34  34
  33  33  33  33  33  34  34  34  34  34  34  33  31  32  32  30  27  30  33  34
  34  32  30  29  28  32  33  33  32  32  31  28  28  31  32  33  32  32  32  28
  27  28  33  35  34  34  32  32  31  32  32  32  34  34  34  34  34  33  32  32
  31  34  36  36  35  35  34  34  34  36  41  41  34  32  35  40  42  42  38  35
  34  36  38  39  37  37  38  39  38  38  38  38  34  34  35  36  36  38  40  38
  37  37  38  34  34  38  40  38  37  39  41  42  38  34  33  36  41  45  46  43
  35  35  38  39  41  41  41  39  38  40  41  43  43  41  40  40  40  41  42  40
  37  38  41  43  43  43  43  46  49  51  62  67  57  44  38  38  43  54  64  64
  54  52  55  58  57  57  56  55  51  54  60  59  53  50  56  67  74  83  89  91
  91  96 104 109 107 106 110 110 106 102  97  89  85  90 104 112 114 111 109 110
 110 113 113 108 103 106 113 122 128 127 122 118 118 119 122 122 115 111 116 128
 138 138 135 135 138 147 154 160 163 168 170 169 164 164 169 174 179 184 180 176
 166 161 162 163 155 146 139 136 137 140 140 139 136 135 134 127 112 102 102 102
 106 114 120 119 117 123 137 147 147 145 142 141 137 134 130 126 126 126 129 130
 123 113 107 102 100 100  98  97  89  86  86  86  85  83  86  94 100 103 103 102
  98  94  86  81  80  84  91  94  89  81  77  76  75  77  77  76  75  75  75  75
  75  76  76  76  77  81  87  90  87  87  87  83  78  75  76  81  86  89  86  83
  78  72  68  64  64  73  81  85  86  86  85  83  80  78  75  73  75  76  77  75
  67  66  66  72  79  81  78  72  63  63  66  72  73  72  72  73  73  73  73  71
  68  68  67  62  56  56  62  64  62  60  59  57  57  59  62  62  58  57  57  56
  54  55  55  53  51  53  55  61  60  60  61  56  49  46  46  48  53  57  57  51
  47  48  50  50  50  48  47  46  46  47  45  43  37  37  37  37  39  43  46  45
  41  40  40  42  42  46  47  41  36  36  38  41  42  40  35  32  30  33  36  36
  34  34  34  34  33  32  31  32  32
  28  29  29  28  28  30  29  27  30  31  31  33  32  31  28  28  31  34  35  32
  31  31  31  31  31  31  29  28  29  29  29  28  31  31  31  32  33  33  32  30
  30  28  28  28  32  33  33  30  31  32  32  31  31  31  32  32  32  32  32  32
  32  32  33  32  32  31  31  31  31  31  31  31  29  29  32  32  34  34  32  32
  34  34  34  34  30  28  28  32  34  34  34  32  32  32  32  32  32  33  33  32
  34  36  36  36  38  36  35  36  38  40  38  34  34  34  36  41  44  44  42  39
  38  37  36  36  36  34  34  34  36  37  38  39  40  44  47  47  44  40  40  41
  42  42  39  35  33  33  32  32  33  34  36  36  37  36  36  37  38  37  37  37
  40  43  42  36  34  36  38  41  42  42  41  38  37  33  33  34  35  36  35  32
  32  36  38  41  44  44  39  38  40  43  44  43  41  36  36  39  44  46  44  36
  33  34  41  48  50  54  53  50  50  49  48  48  52  55  53  48  48  51  53  53
  53  48  45  44  51  62  68  65  62  62  67  70  70  67  61  51  50  54  59  66
  68  65  62  59  61  65  65  63  63  63  63  62  60  56  50  48  55  62  65  62
  56  53  51  53  61  70  73  71  69  67  67  67  72  72  68  61  56  59  62  63
  64  64  65  62  59  60  64  68  77  90  95  93  93  95  96  95  96  99 103 108
 110 113 114 110 109 107 107 109 111 110 109 110 114 122 129 125 114 105 104 108
 116 117 111 102 100 104 112 115 113 107  97  94  98 109 120 122 120 118 116 116
 117 116 110 102 100 108 117 117 113 108 103  96 101 112 117 114 108 103  95  93
  95  97  95  86  76  72  72  72  74  74  74  77  83  88  82  71  70  69  69  70
  71  70  66  61  61  65  68  68  67  61  58  58  58  54  50  48  48  53  59  60
  60  60  59  56  58  61  61  59  58  56  54  54  57  59  60  56  56  57  56  53
  49  49  50  51  53  53  50  44  44  45  45  44  46  47  47  47  48  48  47  44
  44  49  54  53  47  46  46  43  45  49  49  43  43  46  48  50  51  48  44  38
  37  40  44  45  45  43  41  41  43  46  45  41  41  43  45  43  41  38  34  34
  36  38  38  36  36  38  38  34  32  31  34  40  40  38  33  32  34  34  34  34
  36  36  34  32  29  29  32  32  33  34  34  33  33  33  33  33  32  32  32  32
  32  32  32  28  28  30  32  32  32  32  32  32  32  32  31  28  32  32  32  32
  32  32  32  30
  38  37  34  31  30  32  34  33  32  29  28  27  28  28  28  28  27  27  28  28
  28  27  24  24  28  29  29  29  28  28  28  27  27  27  28  27  27  27  22  22
  25  29  29  25  26  28  28  28  32  32  28  26  29  33  37  34  22  14  19  27
  34  34  34  33  32  32  30  30  33  34  33  32  37  39  36  34  33  36  38  42
  46  45  44  41  38  38  43  47  47  45  41  39  41  45  49  49  54  54  54  57
  59  58  51  50  61  73  81  73  64  64  69  73  78  89  89  85 102 154 195 203
 211 218 225 226 233 243 251 252 255 255 255 255 255 255 255 255 255 254 251 247
 247 247 243 241 243 243 244 243 243 245 244 239 239 240 239 237 238 243 245 238
 241 246 249 246 247 248 233 205 175 153 143 142 140 132 118 104 103 105 105 101
  93  86  81  81  83  87  83  75  72  72  73  73  75  71  64  62  62  67  64  62
  65  68  73  73  73  68  59  56  57  57  57  52  49  51  57  62  62  59  57  51
  51  57  59  60  60  62  63  58  57  59  59  59  60  63  63  61  59  58  58  55
  56  55  52  51  56  63  63  58  56  59  63  62  62  64  63  60  60  64  65  61
  59  61  59  53  54  57  57  54  50  48  46  44  47  51  54  54  56  56  55  54
  54  56  55  51  51  53  54  53  53  46  41  41  44  49  49  46  45  43  43  42
  42  43  44  44  44  43  42  39  37  36  35  34  34  36  36  34  34  35  35  34
  35  32  32  32  32  32  31  30  32  33  33  32  33  32  29  27  31  32  32  30
  27  27  29  32  32  28  24  24  29  34  34  30  29  29  29  30  31  31  29  28
  29  32  33  32  31  30  29  28  29  31  31  28  28  28  29  29  29  31  31  31
  32  29  28  27  27  28  28  28  31  32  28  25  28  31  33  30  28  29  30  30
  31  31  28  26  29  31  30  27  25  25  29  29  29  28  28  27  28  30  30  29
  32  33  30  27  27  29  32  32  30  28  27  25  31  32  28  25  27  31  33  32
  30  30  32  31  32  32  28  26  27  30  30  28  28  28  27  27  28  28  27  27
  29  32  32  30  29  28  28  29  30  30  29  28  28  29  29  28  28  30  30  28
  30  30  29  27  25  28  30  31  32  30  28  27  28  31  31  29  29  29  29  29
  29  32  32  29  29  29  31  32  32  32  31  31  31  30  30  30  30  29  29  32
  32  32  32  31  28  27  29  31  32  31  31  31  29  29  28  28  29  29  31  31
  32  32  30  30
  31  31  31  30  32  33  29  29  29  30  32  32  32  33  33  31  30  30  30  30
  30  31  29  28  28  28  30  30  32  31  28  28  29  33  32  29  31  32  32  32
  32  31  29  29  30  29  29  28  30  32  34  32  32  29  28  27  27  29  30  30
  30  29  29  27  27  28  28  28  29  32  31  28  31  31  29  28  29  31  32  30
  29  29  28  28  30  31  31  29  31  31  29  28  28  29  29  29  32  32  32  30
  30  30  28  28  30  32  34  34  32  28  28  28  30  31  31  31  29  29  30  30
  30  29  31  31  34  34  32  29  30  31  31  29  31  32  30  30  30  29  29  29
  31  32  32  31  32  31  31  31  32  32  32  32  31  29  29  30  31  30  28  27
  32  36  34  32  31  33  34  34  31  27  27  29  35  35  35  38  43  48  48  48
  50  53  53  50  51  53  53  50  50  50  50  54  60  62  62  62  67  75  86 101
 107 111 120 126 137 149 155 152 151 151 153 154 154 149 141 136 135 133 124 111
 102 100 100 101 101  95  89  81  77  81  90  96  97  93  86  81  81  89  95  87
  86  87  89  87  90  96  95  89  89  99 110 110 103  96  93  94 106 120 125 113
 100 103 115 129 137 135 126 118 120 131 139 139 139 144 156 171 190 203 196 181
 174 176 179 178 180 182 184 185 189 189 178 156 144 147 157 167 167 151 137 136
 151 170 170 157 154 157 169 180 188 183 169 154 153 162 178 182 178 171 169 170
 172 173 169 157 154 157 161 162 162 158 149 140 136 137 142 146 150 150 147 142
 142 142 140 139 141 142 137 131 131 138 146 147 140 129 124 128 140 147 144 132
 125 121 122 126 126 124 123 124 126 130 130 120 115 115 115 115 117 113 111 115
 123 131 132 128 134 141 141 135 132 131 131 132 135 137 139 139 136 132 120 111
 110 110 108 101  95  93  88  89  95  95  94  92  90  87  85  79  77  77  75  69
  64  62  60  59  64  69  69  69  68  68  67  65  70  74  73  67  66  64  58  54
  56  59  59  57  57  56  53  50  51  53  53  50  48  47  45  44  44  44  45  44
  46  47  49  51  53  50  45  44  44  44  44  44  46  46  46  47  45  43  44  47
  51  53  53  49  46  45  44  44  41  38  34  35  40  45  46  45  47  46  42  41
  43  45  44  41  39  40  42  41  38  33  32  33  37  37  34  33  36  41  42  40
  39  37  34  34  33  32  32  32  35  36  36  35  36  37  37  36  33  33  34  33
  33  33  31  27
  36  38  40  36  34  31  29  28  28  32  33  33  32  29  31  32  36  36  32  28
  28  30  30  30  31  32  32  30  30  30  30  30  32  33  34  34  33  30  30  30
  29  29  29  31  34  38  38  35  34  33  34  32  32  32  32  32  32  32  32  32
  34  34  34  34  34  32  31  31  34  38  38  36  34  32  34  39  45  42  32  27
  32  40  41  35  33  33  34  34  38  41  42  41  42  43  45  47  48  48  48  47
  49  50  46  44  44  47  50  50  54  55  54  51  53  54  54  54  57  59  54  50
  50  54  57  57  57  57  60  68  76  79  77  67  64  69  74  79  85  85  78  87
 133 186 200 201 204 208 210 208 211 222 237 250 255 255 252 245 244 244 243 239
 241 243 244 239 241 243 244 246 250 254 255 252 251 250 250 241 219 191 170 159
 157 153 144 134 131 135 133 128 124 121 116 107 103 103 107 112 116 115 110 103
 106 118 123 120 115 110 106 106 116 121 116 105 102 104 107 104 100  93  86  84
  93 102 102  98  94  92  97  98  97  94  87  78  78  83  87  86  86  93  99 101
 101 100  95  89  92  98 102 101  97  95  95  97 101 105 103 101 101 101 102 104
 108 116 119 120 129 141 145 136 130 128 123 123 133 140 143 137 135 135 133 127
 126 126 125 122 115 114 112 111 115 118 122 123 122 118 107  96  90  91  95 100
 102  99  91  83  80  73  70  67  62  56  53  49  45  42  40  39  40  38  35  35
  36  36  35  33  34  34  34  32  31  32  32  32  30  28  28  29  32  32  32  32
  32  32  31  31  31  30  29  27  27  29  32  32  33  30  28  28  28  32  32  30
  29  29  28  27  29  31  30  29  31  31  29  27  27  27  30  30  31  31  31  31
  30  31  31  28  29  29  29  27  27  28  29  29  29  30  29  28  30  31  31  28
  28  28  28  28  30  32  32  32  32  30  28  25  28  32  32  29  25  25  30  32
  34  32  28  27  29  30  30  31  32  32  32  31  29  27  27  28  31  32  29  29
  29  29  29  28  31  32  32  31  32  32  32  32  32  32  29  29  30  30  30  28
  28  28  30  32  33  33  33  32  29  29  29  29  29  29  29  27  27  27  28  28
  29  28  29  28  29  29  29  29  29  29  30  29  29  29  29  29  31  31  30  28
  27  29  30  28  29  32  32  29  29  31  31  29  28  28  28  27  29  31  31  28
  28  30  31  30  28  28  28  27  27  27  25  25  28  30  29  29  27  29  32  30
  29  29  27  25
  28  29  30  29  29  28  29  29  29  29  28  28  29  29  29  29  29  28  28  28
  29  32  33  31  30  28  28  27  28  31  31  31  31  31  31  29  27  27  29  31
  32  32  28  25  26  27  27  27  27  29  31  30  31  29  27  27  29  32  32  29
  31  29  29  29  31  31  29  29  32  33  32  28  28  28  29  29  31  29  30  31
  31  31  31  31  32  34  34  32  32  32  29  27  27  29  33  33  33  31  28  28
  28  29  31  32  32  32  32  31  29  27  28  28  32  34  32  29  28  29  32  32
  34  32  29  28  30  30  29  29  31  32  32  31  29  28  29  30  32  33  32  32
  32  33  33  30  31  31  35  36  36  33  32  32  32  34  32  28  33  35  35  34
  35  35  35  37  38  41  44  43  44  45  45  44  47  49  54  61  68  73  71  68
  74  83  86  87  89  87  81  77  79  83  85  83  83  86  90  91  93  91  91  92
  97 103 105  99  89  82  82  81  85  91  91  86  80  79  79  78  77  78  79  78
  80  81  83  82  79  79  79  75  77  84  89  89  92  96  95  90  86  85  84  85
  87  86  86  89 101 108 106  95  85  81  85  91  96  95  90  86  86  89  94  95
  91  86  83  79  78  78  81  83  85  83  78  75  73  74  73  70  70  69  67  64
  68  72  73  72  72  72  74  74  78  83  81  78  79  78  78  77  75  73  68  62
  62  67  72  72  75  77  75  75  75  77  83  83  83  85  85  87  95  98  98  89
  78  77  83  97 113 123 124 117 115 115 115 113 109 104 101 101 105 106 104 102
 101 101 105 110 110 110 105 100 102 109 119 122 123 122 118 110 104 106 110 109
 109 111 114 117 122 123 121 110 103 102 102 103 103 102  96  93  96 101 102 100
  95  92  94 100 107 108 104  95  88  86  86  86  86  85  81  77  76  74  73  69
  69  69  67  64  62  64  65  62  62  62  63  62  63  63  62  64  66  66  63  59
  60  67  75  70  62  58  56  54  54  56  56  53  50  50  48  43  41  43  44  43
  44  49  50  49  50  49  46  41  42  44  44  43  41  38  37  37  37  38  38  36
  36  36  36  36  36  36  34  34  37  38  38  35  36  37  37  37  38  40  41  41
  41  40  39  34  34  34  35  35  35  32  29  29  31  32  32  32  33  33  32  32
  32  32  32  31  32  32  32  30  32  32  31  31  31  31  29  29  31  32  34  30
  29  29  29  29  29  29  30  29  29  29  28  27  28  29  29  26  25  27  29  29
  30  31  31  28
  30  29  29  29  29  29  31  31  29  29  29  28  28  29  30  28  29  31  30  28
  28  29  30  29  29  30  30  29  29  30  30  29  30  31  30  30  31  30  31  28
  29  29  29  30  30  30  30  29  30  29  29  30  31  31  31  31  29  29  28  28
  29  32  32  29  29  32  32  29  29  29  31  29  29  31  31  29  29  29  29  29
  31  31  30  28  30  30  30  29  30  30  29  28  28  28  28  27  28  28  30  30
  32  32  31  28  28  29  29  29  31  31  31  28  28  28  28  29  32  32  32  30
  30  29  29  30  30  32  32  30  30  29  28  28  29  31  32  30  30  30  29  27
  25  28  31  32  32  30  30  28  28  28  31  31  30  29  29  30  29  29  28  28
  34  34  34  35  32  31  31  31  34  36  37  36  35  35  34  33  34  37  38  37
  37  37  38  38  41  44  44  44  43  44  44  44  47  49  49  49  51  54  58  57
  59  66  73  75  77  79  79  81  88  95  97  93  86  86  91  95  97  96  93  88
  86  89  93  92  86  83  78  75  75  77  78  75  75  75  75  75  76  80  80  79
  81  83  83  82  82  79  79  79  78  78  75  64  62  65  69  69  74  79  79  76
  76  79  81  81  86  89  84  81  83  83  83  78  78  76  75  76  76  76  74  65
  62  66  69  67  64  64  61  54  59  64  63  59  59  60  62  61  61  57  53  52
  54  56  56  53  49  49  51  51  51  53  53  51  51  51  50  49  52  54  54  50
  53  55  55  53  51  48  48  47  49  52  53  51  51  52  53  52  52  54  57  57
  61  62  60  55  50  48  47  47  49  51  51  49  50  53  54  53  53  54  55  55
  57  59  59  54  55  58  58  54  54  59  62  60  60  59  57  54  54  56  58  58
  58  59  59  56  56  56  56  55  55  55  55  54  53  53  49  47  46  46  47  47
  51  54  53  51  50  50  49  46  45  43  43  43  43  43  40  38  38  38  38  36
  36  37  40  43  45  42  37  37  39  42  41  38  38  40  41  41  43  44  42  40
  40  39  37  37  37  38  40  38  41  42  42  41  40  39  38  38  41  44  44  43
  41  38  35  33  33  33  35  36  35  33  32  32  34  34  33  34  34  34  34  32
  33  34  34  31  31  31  31  32  32  32  32  32  32  32  32  32  33  33  32  32
  32  32  32  31  32  33  32  30  31  31  30  29  31  31  30  28  28  29  29  29
  30  30  30  30  29  30  30  30  32  32  32  28  28  31  32  30  29  30  30  29
  28  29  30  28
  30  31  29  27  28  29  30  29  30  30  29  29  29  30  30  29  29  29  30  28
  28  29  31  29  29  30  28  28  31  31  31  29  29  30  30  30  30  30  30  30
  30  29  29  29  29  29  29  29  29  29  29  28  28  30  31  29  29  29  29  29
  29  30  31  29  29  29  30  28  29  31  31  30  30  30  30  28  29  31  31  30
  30  30  30  29  30  30  30  30  30  30  30  29  29  28  29  28  28  29  28  28
  30  30  30  29  30  32  31  30  30  30  29  29  29  30  31  30  31  31  31  31
  32  31  31  31  32  32  32  31  31  32  32  29  29  31  31  31  32  31  30  29
  31  32  32  32  30  28  28  28  29  29  28  28  32  33  34  34  32  30  30  30
  33  34  35  33  34  34  34  37  40  41  40  38  38  39  39  39  41  41  41  41
  43  44  44  44  48  53  53  51  57  60  62  64  64  64  62  59  62  66  69  69
  70  75  81  84  86  86  81  75  75  78  82  83  87  91  95  97  98 103 103  98
  93  90  89  86  86  83  76  68  63  63  63  63  64  65  66  65  65  65  65  63
  61  62  61  60  62  62  62  59  56  56  56  56  58  59  58  53  50  54  57  56
  60  61  61  61  61  63  63  61  62  61  59  58  60  62  64  63  62  64  64  62
  62  62  62  66  70  70  70  70  73  74  69  64  62  62  62  62  62  61  59  61
  66  73  75  75  72  69  68  67  71  75  75  70  70  71  70  69  69  69  66  61
  61  61  61  62  64  64  62  62  63  65  66  64  63  64  65  64  62  62  61  56
  56  57  57  54  53  51  48  49  50  51  51  50  50  50  49  47  48  50  53  53
  53  53  50  49  49  49  48  46  46  46  44  41  41  43  43  43  44  44  42  42
  43  44  43  40  39  41  42  41  43  46  48  46  45  48  50  50  50  50  48  44
  44  44  44  43  43  42  42  42  42  44  43  43  44  44  44  43  43  43  43  41
  41  41  41  41  40  40  39  39  41  41  38  37  37  40  41  40  40  38  40  38
  37  38  38  39  40  40  38  36  36  36  35  34  36  37  37  37  36  35  34  32
  33  34  35  34  34  33  33  34  34  34  33  33  33  33  32  32  32  33  33  33
  33  33  34  34  34  33  32  31  32  33  33  33  33  32  32  32  32  32  32  32
  33  33  32  31  31  30  28  28  30  32  32  30  30  30  29  29  30  30  30  30
  31  31  29  28  28  29  29  29  29  29  29  29  30  30  31  29  30  32  32  31
  31  31  31  29
i_gainStatus    =    1   0   0   0   0   0   0   0
i_NumCoinc      =    6   6   6   6   6   6   6   6
i_rawPkHt       =  184 125 255 196 255 124  97 103
i_spare2        =    0   0   0   0   0   0   0   0   0   0   0   0   0   0   0
   0   0   0   0   0   0   0   0   0   0   0   0   0   0   0   0   0   0   0   0
   0   0   0   0   0   0   0   0   0   0   0   0   0   0   0   0   0   0   0   0
   0   0   0   0   0   0   0   0   0   0   0   0   0   0   0   0   0   0   0   0
   0   0   0   0   0   0   0   0   0   0   0   0   0   0   0   0   0   0   0   0
   0   0   0   0   0   0   0   0   0   0   0   0   0