=GLA01
version=v6_0
type=LONG
i_rec_ndx       =    241455482
i_UTCTime       =    118796748      274202
i_gla01_rectype =        2
i_Spare1        =        0
i_filtnum       =    2   5   5   4   5   5   3   2
i_shot_ctr      =      145     146     147     148     149     150     151
     152
i_statflags     =            0           0           0           0           0
           0           0           0
i_gainSet1064   =       85     135      76      84     113     105      87
      92
i_4nsPeakVal    =      249     105      35     124     141     111     240
     252
i_8nsPeakVal    =      232      99      34     119     130     107      34
     242
i_4nsBgMean     =     2922    2938    2921    2918    2932    2929    2933
    2922
i_4nsBgSDev     =      102     123      96      96     112     107     107
     103
i_samp_pad      =        0       0       0       0       0       0       0
       0
i_comp_type     =    0   0   0   0   0   0   0   0
i_rng_wf        =   29  31  31  27  30  32  31  29  31  31  32  29  28  28  29
  30  30  30  31  32  32  32  31  30  32  33  34  33  34  34  33  34  34  34  34
  33  33  32  32  32  32  32  32  32  32  34  34  32  32  32  32  32  34  35  34
  34  34  36  38  38  38  36  35  35  40  44  46  46  46  52  57  62  66  65  65
  65  68  73  76  73  75  81  84  83  91 101 101 101 126 180 222 234 241 249 255
 251 250 247 247 244 226 198 173 158 149 139 129 118 111 106 101  96  92  86  79
  78  78  78  79  79  76  75  75  76  80  86  90  89  87  89  93  95 100 102 102
  98 100 102 103 102 101 103 104 102 102 102 101  98  99  99  97  95  95  95  94
  89  85  80  80  78  78  78  76  71  67  66  64  64  67  67  65  60  59  59  59
  61  62  62  59  57  57  54  50  47  48  48  48  48  46  46  45  44  46  45  42
  38  39  40  41  41  41  41  40  38  38  38  38  36  36  36  35  35  35  35  34
  34  35  34  34  32  32  33  33  33  33  33  33  32  32  31  30  30  32  32  32
  32  32  33  32  31  31  31  31  28  30  31  31  31  31  31  29  28  29  29  29
  30  31  31  31  31  31  32  32  30  30  29  29  29  29  30  30  28  28  29  29
  29  29  30  30  29  29  30  31  30  29  29  29  29  29  29  30  29  29  29  29
  28  28  28  30  30  30  30  30  29  29  30  30  28  29  32  32  29  29  29  31
  29  30  31  30  30  30  31  31  29  29  29  29  28  29  29  29  29  29  30  30
  28  28  29  29  29  29  30  29  29  29  29  29  28  29  28  28  28  29  30  30
  30  30  29  29  29  29  29  29  28  28  29  31  29  29  29  28  28  29  30  31
  29  31  32  32  30  30  31  30  29  30  30  30  28  30  30  29  29  29  29  29
  29  30  30  29  28  28  29  29  29  28  28  28  28  29  29  31  31  31  31  31
  31  30  31  31  28  28  29  29  28  29  30  30  29  31  32  32  29  29  31  32
  29  29  29  29  29  29  31  31  30  30  30  30  29  28  28  28  28  29  29  29
  28  28  28  29  28  29  29  29  29  28  29  29  29  29  29  29  27  28  29  30
  28  27  29  30  29  29  31  32  28  28  31  31  29  29  30  30  29  30  30  30
  29  29  31  31  30  31  32  30  29  30  31  32  29  29  29  29  29  29  29  29
  29  29  29  29  29  29  29  28  28  28  29  29  28  28  28  29  29  30  31  31
  30  30  30  30  29  29  29  30  28
  28  28  28  28  32  32  31  28  28  30  30  28  28  28  28  28  29  32  32  28
  28  28  29  30  32  31  29  28  29  30  32  30  28  28  28  27  28  29  29  27
  28  31  31  29  28  29  31  29  30  31  31  29  29  29  30  30  31  31  32  32
  30  30  31  28  28  29  31  31  32  31  31  28  28  30  31  31  31  32  32  29
  28  31  31  31  32  31  30  28  28  31  32  31  29  29  29  29  29  30  30  29
  29  29  28  28  32  33  32  32  32  30  29  30  31  30  28  28  30  32  33  31
  31  31  30  30  32  33  34  34  33  32  31  31  32  32  32  32  33  33  33  33
  34  36  38  38  39  41  45  47  50  50  48  43  40  42  44  43  43  45  47  44
  46  51  50  46  47  48  48  50  58  63  63  61  62  67  68  66  62  57  54  54
  57  57  54  48  47  49  53  54  53  53  53  51  54  59  59  54  53  53  53  53
  54  56  53  51  54  59  60  58  58  57  54  51  50  50  50  50  49  47  47  47
  49  53  54  51  48  49  49  49  53  54  54  53  55  61  62  63  65  64  61  57
  56  55  53  49  49  51  56  59  60  59  57  56  57  61  59  56  57  59  60  60
  59  59  59  58  61  61  59  57  59  64  67  65  65  69  70  70  72  68  67  69
  72  72  69  64  64  66  68  68  67  67  62  60  64  68  72  73  72  75  77  76
  76  77  76  73  75  78  81  78  76  76  77  78  79  79  79  77  80  89  95  95
  95  97  97  97  98 103 107 108 108 106  97  83  79  83  90  93  94  95  94  94
  97  97  95  89  85  89  94  96  95  92  90  90  90  93  95  95  89  83  79  76
  82  89  92  92  91  92  94  94  98 102 100  92  90  91  93  91  89  89  90  89
  89  89  89  87  86  83  78  72  72  73  73  71  67  62  62  64  64  65  66  64
  67  73  73  71  67  63  63  63  69  70  66  63  63  63  62  62  65  72  74  70
  67  67  68  67  67  67  67  67  65  64  63  63  68  72  72  69  69  66  67  67
  67  68  67  62  61  61  61  57  57  57  61  65  65  65  63  57  54  54  56  56
  59  59  54  48  47  47  45  44  47  49  50  50  50  47  44  46  47  49  49  48
  46  44  41  39  40  41  42  42  42  42  40  38  38  38  41  41  41  41  39  38
  38  38  39  36  36  36  36  34  34  35  34  34  34  34  34  34  34  32  32  32
  33  34  34  34  35  38  38  36  34  34  34  34  35  34  34  34  34  32  32  32
  34  34  34  31
  29  29  29  29  29  29  29  30  29  29  29  28  29  29  29  31  31  30  30  29
  28  29  28  28  28  29  31  29  29  29  28  28  29  30  29  28  28  28  28  28
  29  31  31  31  32  32  29  29  30  29  29  29  31  32  31  31  31  32  32  32
  33  33  34  32  32  32  32  32  32  33  33  33  34  32  32  32  32  34  34  33
  33  34  36  36  37  36  34  34  34  34  34  34  36  37  36  35  34  34  34  32
  32  34  36  37  37  36  35  34  34  34  34  34  34  34  34  33  33  33  32  32
  32  32  32  32  32  33  34  34  34  34  34  33  33  33  33  32  36  38  38  38
  36  35  33  33  34  34  36  36  36  36  36  34  34  34  36  36  36  36  36  35
  36  36  36  36  36  38  39  38  37  36  38  36  36  38  38  36  34  33  33  34
  36  36  35  36  36  36  34  32  32  34  37  37  37  37  37  34  34  35  34  34
  36  38  38  37  36  37  38  38  40  41  39  38  39  39  38  38  38  40  41  40
  41  41  39  38  38  38  41  43  44  41  40  39  39  42  43  41  41  41  41  41
  41  45  46  41  41  44  44  42  43  49  49  46  47  48  48  45  45  46  46  44
  45  47  44  41  44  49  54  54  55  58  58  58  61  62  62  61  63  63  62  62
  62  62  62  63  67  69  69  66  66  66  69  67  66  66  64  62  62  64  65  66
  72  77  79  78  78  75  72  72  77  79  76  75  76  81  85  81  81  82  85  85
  83  81  79  75  74  73  70  68  72  78  82  79  74  72  71  70  73  75  73  65
  64  64  63  62  61  63  65  62  62  62  59  59  61  62  64  61  61  61  59  56
  56  55  54  54  55  55  54  54  54  54  54  54  54  54  54  55  57  58  58  56
  54  54  51  49  49  49  50  50  51  50  48  48  48  49  49  48  49  50  51  50
  51  54  55  54  51  54  54  53  50  50  48  45  45  47  47  47  49  51  49  49
  50  48  47  44  44  44  43  40  40  43  43  42  42  41  42  42  43  45  45  43
  41  41  39  38  38  36  35  34  36  36  36  35  34  36  36  34  34  34  36  36
  36  35  34  34  34  34  34  33  34  34  34  33  33  33  33  32  32  32  32  33
  33  32  32  32  33  33  32  32  32  32  32  31  31  32  32  30  30  30  31  29
  30  31  31  31  31  31  31  28  28  32  32  31  31  31  31  29  29  31  31  28
  28  29  30  29  29  30  31  29  29  29  30  29  29  30  30  28  28  30  31  29
  29  29  30  29
  29  29  29  30  29  29  29  28  28  29  30  31  31  31  30  29  29  29  29  28
  28  29  31  29  29  30  30  30  30  31  31  28  29  30  29  27  28  30  30  29
  29  28  28  29  30  31  31  29  29  29  30  31  29  29  29  28  29  29  29  28
  29  30  31  32  32  32  32  31  30  30  31  31  32  32  32  32  32  32  32  32
  33  32  32  31  32  33  33  32  32  33  34  36  38  35  35  36  43  50  53  51
  49  50  53  54  57  62  67  68  69  69  68  69  72  77  80  80  80  80  80  78
  83  88  91  93  97 110 118 117 114 114 115 119 123 128 128 122 118 118 118 116
 114 111 110 108 107 107 107 103  99  95  94  91  87  86  86  81  81  86  89  89
  92  97  99  94  93  97  97  94  97  97  95  90  88  92  93  89  89  93  92  89
  92  97 101 101 102 103 103 102 102 103 102 101 101  97  93  86  83  83  86  83
  83  85  86  83  83  83  79  74  74  78  79  76  72  72  69  67  69  68  68  69
  69  70  68  63  62  61  59  58  58  59  59  54  54  54  52  48  48  48  46  45
  46  47  46  43  41  43  43  41  40  39  38  35  37  38  37  36  36  35  34  34
  34  34  34  33  33  32  32  33  33  33  32  31  31  32  33  32  32  32  32  32
  32  32  32  32  32  32  32  32  32  32  32  32  32  32  32  31  31  30  30  30
  32  34  32  31  31  31  29  29  30  31  32  30  31  32  30  30  31  31  31  29
  30  31  32  31  32  32  30  29  30  30  30  29  30  31  31  30  30  30  29  28
  28  29  29  28  29  30  30  30  30  30  30  30  30  30  29  28  30  31  29  27
  28  29  29  29  30  32  31  29  31  32  32  29  29  30  29  29  31  31  30  28
  29  31  32  31  31  31  30  30  30  30  30  29  29  29  31  30  30  30  28  28
  28  29  30  28  28  28  29  28  29  31  31  29  29  29  29  29  29  30  31  28
  29  30  30  29  29  31  31  28  29  29  29  29  32  32  30  29  30  31  29  28
  30  30  29  29  31  32  29  30  31  31  32  30  29  29  29  28  29  29  29  29
  29  30  28  28  28  28  29  29  29  29  28  28  30  31  31  28  28  28  29  31
  31  31  31  29  29  29  29  28  29  30  31  29  31  32  30  29  29  30  31  29
  29  29  28  28  30  31  30  29  29  29  29  29  29  29  29  29  30  30  30  30
  30  32  31  28  29  29  29  29  31  31  29  28  29  29  29  29  29  28  29  29
  31  32  32  32
  29  29  29  29  29  27  27  28  29  29  31  31  32  32  32  31  32  32  29  28
  28  28  29  29  29  29  28  28  28  29  29  28  29  29  29  28  28  30  30  30
  30  31  30  30  31  30  31  29  29  29  29  31  32  31  32  32  31  30  31  31
  32  33  30  28  28  29  29  28  31  31  31  30  30  31  30  29  30  29  29  29
  29  28  28  28  30  29  28  28  28  29  29  28  29  29  29  27  28  31  29  27
  28  29  29  29  31  31  32  29  30  30  29  28  29  31  31  29  32  32  32  29
  28  28  29  29  29  29  28  27  28  29  29  28  29  29  29  28  28  28  29  29
  31  30  30  30  30  30  29  28  32  33  32  28  28  31  31  29  30  32  33  34
  34  35  34  33  33  32  32  32  34  35  34  35  36  34  34  34  38  43  43  39
  39  41  43  46  48  48  47  45  47  50  51  49  50  53  49  49  54  59  61  58
  59  64  74  77  80  80  79  75  80  94 102 104 104 102  99  98 100 104 107 108
 108 108 109 109 109 111 117 123 138 149 151 143 131 121 118 117 119 123 125 123
 121 120 120 117 117 117 117 117 118 122 125 123 120 110 102  98  98 105 113 113
 110 106 104 106 110 114 113 108 108 107 105 102 103 105 106 107 107 106 104 101
 100 106 112 109 104 102 105 107 106 103  97  96  98 100  98  93  89  90  94  94
  94  90  87  85  85  87  87  86  86  83  81  76  73  73  75  75  75  77  77  76
  74  73  71  69  72  75  75  75  74  74  71  66  69  69  69  69  70  71  71  71
  71  73  73  68  64  62  59  54  55  58  58  54  50  49  44  43  46  47  47  47
  48  48  47  47  46  45  44  44  44  42  41  41  44  44  42  40  40  41  43  44
  44  41  37  36  38  40  40  40  39  38  38  38  38  37  37  36  36  34  34  35
  35  36  34  33  34  34  35  34  35  35  35  35  36  36  35  34  34  34  34  34
  34  34  32  32  32  32  33  33  34  34  36  36  36  37  35  33  33  34  34  34
  33  32  34  34  37  37  36  34  33  33  32  32  33  32  33  32  32  32  32  32
  32  33  34  34  34  34  32  30  32  32  32  32  32  31  30  30  31  32  32  32
  32  32  32  32  32  32  32  32  33  33  33  31  32  32  31  30  30  31  31  30
  32  32  32  32  32  31  31  31  31  30  30  31  32  32  32  31  32  32  32  32
  32  32  30  28  30  29  29  29  31  31  29  28  31  32  32  31  31  32  32  29
  31  32  30  28
  28  29  29  29  30  30  30  29  29  30  29  28  28  28  28  29  29  28  28  28
  29  29  28  28  29  29  29  29  31  31  29  28  29  29  29  29  30  32  32  30
  30  30  30  29  30  31  30  28  28  29  29  29  30  30  31  30  31  32  31  29
  29  29  29  29  29  32  32  29  30  30  29  29  29  30  30  29  30  29  29  29
  30  30  30  30  30  30  29  28  29  29  30  29  31  31  31  31  29  29  29  29
  32  32  31  31  32  30  29  29  31  32  32  30  30  30  30  29  30  30  29  28
  28  29  29  29  29  29  30  29  29  29  28  28  29  29  31  30  28  28  29  29
  34  34  33  32  31  32  32  31  31  30  31  32  34  31  31  32  31  32  32  31
  32  34  35  36  37  35  35  35  37  41  43  41  41  41  39  38  38  40  41  42
  43  45  46  44  44  44  45  45  47  50  51  51  50  50  48  49  54  57  60  60
  60  59  59  61  61  61  62  62  66  69  69  72  76  77  77  76  77  85  91  88
  86  83  84  87  92  97  98  98  98  98  97  92  90  89  90  90  96 101 101  98
  99 105 109 109 108 103  99  98 102 108 111 109 107 106 105 106 106 102 100 100
 103 106 106 103 103 109 112 110 112 113 112 110 107 103 100  97  96  94  91  91
  95 100 100  94  90  85  85  87  89  87  83  76  73  73  73  73  74  77  82  85
  85  85  83  83  87  89  83  75  75  78  84  85  85  86  86  80  79  79  79  75
  73  76  79  82  83  81  77  73  71  69  64  63  66  67  69  70  71  73  70  63
  62  63  68  69  68  66  67  67  68  68  67  67  69  69  69  66  68  69  69  63
  57  59  60  61  65  64  59  53  53  57  61  62  62  62  61  57  57  57  57  57
  59  61  62  59  58  57  53  50  48  46  46  47  50  53  51  46  45  46  46  47
  48  48  45  41  41  41  41  41  41  41  41  41  43  42  41  40  42  44  44  42
  40  38  38  38  38  38  38  37  38  38  38  36  36  36  34  34  36  36  38  37
  37  37  36  36  34  34  34  34  34  36  36  36  36  34  35  36  36  38  35  32
  33  34  34  34  36  35  34  36  35  35  34  32  33  34  36  36  37  36  33  32
  32  34  34  34  38  38  38  37  36  36  36  34  34  34  34  33  33  32  32  32
  32  32  31  31  31  32  32  31  32  32  32  32  32  32  31  29  32  32  29  28
  28  28  29  29  31  32  32  32  32  32  31  31  32  31  31  31  31  31  31  31
  32  32  32  32
  27  29  30  29  30  31  29  28  28  28  29  29  31  31  32  31  32  32  32  30
  32  33  33  33  32  30  31  32  34  29  27  27  31  33  33  32  31  34  34  33
  33  34  34  34  36  36  35  35  36  35  34  34  34  34  34  33  33  34  34  35
  37  38  38  36  38  38  38  37  38  37  37  37  37  40  40  40  42  41  41  41
  44  45  43  44  48  53  53  53  57  59  56  56  63  68  72  72  72  77  84  87
  93  97 101 102 108 110 110 113 120 125 125 120 123 137 155 172 193 215 233 238
 241 244 240 238 238 238 234 217 196 174 156 139 126 123 120 110 102  99  96  94
  97  97  94  86  86  89  90  89  87  83  77  70  70  70  69  66  64  64  63  60
  59  59  59  59  63  64  62  56  53  53  54  54  54  53  52  53  57  61  61  61
  60  61  61  60  61  61  62  63  65  64  65  64  62  59  56  56  57  61  64  63
  64  68  68  65  60  60  57  51  53  57  59  58  59  63  64  57  56  56  53  50
  53  56  57  53  52  54  55  54  55  57  56  54  56  57  57  53  51  53  53  53
  54  57  57  54  53  51  49  46  46  45  45  45  45  43  41  38  38  38  39  39
  38  37  34  33  34  35  34  32  32  32  34  32  32  32  32  32  33  31  31  31
  31  31  31  31  33  34  34  32  32  32  32  31  31  32  33  30  31  32  31  29
  29  31  31  29  32  32  32  32  31  31  31  29  29  29  29  29  29  29  31  31
  31  32  31  30  29  30  30  29  29  29  29  29  29  29  29  29  29  29  29  29
  29  29  31  29  29  29  29  29  30  29  29  28  28  29  31  29  29  29  29  29
  29  30  30  29  29  29  29  28  29  31  31  31  29  29  29  29  30  29  29  29
  29  29  29  29  29  29  29  28  28  28  30  28  29  30  29  28  28  30  31  29
  29  29  28  28  29  31  31  30  30  30  29  28  29  30  30  28  31  32  30  29
  28  28  29  28  29  29  28  28  29  30  30  30  30  29  29  30  30  31  32  28
  29  29  29  28  28  30  31  29  31  32  32  29  29  31  32  32  31  31  31  29
  29  29  30  28  27  28  29  29  29  29  31  28  28  29  29  28  29  31  31  29
  29  29  29  29  31  31  31  29  29  31  31  30  29  29  29  29  29  30  30  29
  29  29  29  29  29  30  31  30  29  29  31  28  28  29  31  30  29  31  30  28
  28  30  30  27  28  31  32  30  29  31  31  29  29  30  30  29  30  31  29  29
  29  30  31  28
  33  33  32  32  32  30  29  31  32  32  32  31  32  32  32  31  32  32  33  32
  33  31  30  31  31  31  32  31  32  33  32  31  32  31  31  29  31  33  33  32
  32  32  34  36  36  36  35  34  34  34  34  33  33  33  33  33  32  32  32  29
  34  38  38  37  37  39  40  38  38  38  38  38  38  38  38  38  38  38  38  38
  40  41  41  40  41  42  42  42  44  46  44  41  41  41  41  41  41  40  40  40
  39  41  40  40  44  44  44  41  43  44  45  47  47  45  45  45  47  47  48  48
  49  50  51  51  51  53  57  64  70  70  70  70  75  86  94  91  87  93 101 105
 113 117 112 103 122 169 210 220 230 244 252 253 255 255 251 247 251 251 236 207
 184 165 151 135 120 111 103  97  97  97  97  92  89  86  83  76  74  75  75  73
  73  70  70  70  68  67  67  63  62  65  67  67  67  67  67  68  69  70  67  61
  59  59  59  57  57  57  57  57  59  59  59  57  59  59  59  59  59  59  57  56
  56  59  59  56  56  59  60  54  54  54  53  53  53  52  50  49  54  60  60  56
  57  61  66  65  62  64  66  66  66  66  63  59  60  64  63  61  60  60  60  58
  59  59  59  56  57  60  57  53  47  46  44  42  43  42  43  41  40  38  36  34
  33  33  31  31  31  31  31  30  31  32  32  31  31  32  31  29  29  30  30  29
  29  31  32  31  31  31  31  30  30  30  30  29  29  29  29  29  29  29  29  29
  29  29  29  28  29  29  29  29  29  29  29  29  30  30  30  28  29  29  29  28
  28  28  30  30  30  30  31  28  28  30  30  29  29  29  30  28  28  29  30  29
  29  30  30  29  29  31  32  29  29  28  29  28  29  30  29  29  29  29  30  29
  29  28  28  28  29  29  29  29  29  29  29  28  29  29  29  28  29  29  29  29
  29  29  29  28  28  28  28  28  28  28  28  28  31  32  32  29  28  29  29  28
  29  29  29  27  27  28  28  28  29  30  30  29  29  29  29  29  28  28  29  29
  29  29  31  28  28  29  29  28  29  29  31  30  31  31  31  29  29  30  31  29
  28  28  28  28  28  28  29  28  29  29  29  29  29  30  30  29  29  29  29  29
  29  29  29  29  30  30  29  29  29  30  31  28  30  32  32  30  30  31  32  29
  31  31  29  28  28  31  31  29  30  31  29  28  29  29  29  29  31  31  29  29
  28  30  31  30  30  30  29  28  28  28  30  30  29  29  28  28  29  29  31  29
  29  29  29  30
i_gainStatus    =    0   0   0   0   0   0   0   0
i_NumCoinc      =    6   6   6   6   6   6   6   6
i_rawPkHt       =  255 108  85 128 151 113 241 255
i_spare2        =    0   0   0   0   0   0   0   0   0   0   0   0   0   0   0
   0   0   0   0   0   0   0   0   0   0   0   0   0   0   0   0   0   0   0   0
   0   0   0   0   0   0   0   0   0   0   0   0   0   0   0   0   0   0   0   0
   0   0   0   0   0   0   0   0   0   0   0   0   0   0   0   0   0   0   0   0
   0   0   0   0   0   0   0   0   0   0   0   0   0   0   0   0   0   0   0   0
   0   0   0   0   0   0   0   0   0   0   0   0   0