=GLA01
version=v6_0
type=LONG
i_rec_ndx       =    241455482
i_UTCTime       =    118796748      274202
i_gla01_rectype =        2
i_Spare1        =        0
i_filtnum       =    2   4   3   3   2   2   2   1
i_shot_ctr      =      153     154     155     156     157     158     159
     160
i_statflags     =            0           0           0           0           0
           0           0           0
i_gainSet1064   =       56      34      45      73      74      47      30
      22
i_4nsPeakVal    =       35      35     119     223     254     210     116
     121
i_8nsPeakVal    =       34      68     110     202     249     192     107
     107
i_4nsBgMean     =     2919    2919    2917    2924    2923    2927    2921
    2917
i_4nsBgSDev     =       86      77      79      93      97      89      80
      70
i_samp_pad      =        0       0       0       0       0       0       0
       0
i_comp_type     =    0   0   0   0   0   0   0   0
i_rng_wf        =   31  32  32  32  32  32  31  30  32  32  32  29  29  32  33
  31  31  31  29  29  29  30  30  29  31  32  32  32  32  31  32  31  32  32  32
  32  33  33  34  34  33  33  33  33  34  34  35  35  36  36  35  35  35  34  34
  33  34  34  34  34  34  34  34  34  34  34  34  34  34  34  33  32  33  33  33
  33  33  32  32  32  33  34  34  34  34  34  34  34  34  34  33  32  32  33  33
  34  34  34  34  34  34  34  32  31  32  34  34  34  33  33  33  33  34  36  37
  34  34  34  34  35  35  35  34  34  34  34  34  32  34  35  34  33  32  32  34
  34  34  34  34  34  34  34  34  34  34  34  34  32  34  34  34  32  34  35  35
  34  34  34  34  34  34  34  34  34  35  36  35  32  32  34  34  36  38  39  39
  36  36  36  36  37  37  39  39  36  35  35  36  38  40  41  40  40  42  43  42
  40  42  44  44  44  49  49  47  46  49  55  57  56  62  72  75  75  79  81  83
  85  89  92  92  91  91  91  93  94  96  92  85  79  75  69  66  60  56  53  49
  47  47  47  47  44  43  42  41  40  41  41  41  37  36  37  38  39  39  38  37
  36  37  39  40  38  38  38  38  38  40  41  40  37  36  38  38  38  40  41  41
  42  43  44  44  41  41  41  40  38  41  44  44  44  44  44  42  41  43  44  44
  43  44  44  43  43  44  47  49  46  44  44  44  44  46  47  47  44  44  47  48
  48  49  50  50  45  46  51  51  51  54  56  54  53  55  56  56  56  56  55  53
  50  49  50  49  49  51  52  54  53  53  53  53  53  53  53  53  51  54  57  54
  48  47  47  46  45  47  48  47  47  48  48  47  44  46  46  44  41  41  42  42
  41  41  40  37  37  38  38  36  34  34  34  34  32  33  32  32  32  32  32  30
  30  30  33  33  31  30  30  32  29  29  31  31  28  29  30  30  29  29  31  32
  29  29  29  29  29  29  30  31  29  29  29  29  28  29  30  30  29  29  30  30
  29  31  30  29  28  29  30  29  29  29  32  32  28  28  28  29  29  30  31  32
  29  29  31  30  28  28  30  31  29  29  31  31  30  30  31  31  29  29  29  29
  29  30  31  31  28  29  29  29  29  31  30  30  29  30  31  30  30  29  29  29
  29  30  30  29  28  29  29  29  29  29  29  28  28  29  30  32  30  30  31  30
  30  30  30  29  27  29  32  32  30  30  31  30  30  30  31  31  29  29  28  29
  28  28  30  31  30  28  29  29  28
  32  32  30  29  30  32  32  31  31  32  32  29  31  31  31  32  32  31  30  31
  31  30  31  31  31  32  31  31  31  30  30  30  32  32  32  31  32  32  32  32
  32  32  32  29  31  31  30  30  31  31  29  29  32  32  32  32  32  32  34  33
  34  33  32  32  32  32  30  30  32  33  33  32  34  34  34  34  33  32  34  34
  33  34  32  32  35  34  34  36  36  36  34  32  33  34  35  34  34  36  36  37
  37  38  38  36  36  36  36  36  38  40  40  40  41  44  44  44  46  48  50  50
  53  53  53  53  56  60  65  67  70  70  69  67  69  70  70  70  71  73  73  67
  67  67  67  66  66  65  61  58  55  54  53  50  50  50  51  48  48  48  49  48
  47  49  49  46  45  46  47  44  43  44  44  43  44  47  47  43  43  44  44  43
  45  48  48  48  48  48  47  45  45  45  45  45  46  47  48  48  49  50  50  46
  45  44  44  43  43  43  43  42  41  41  39  40  40  40  39  38  38  37  37  38
  39  39  40  39  38  38  36  35  37  37  38  37  36  36  36  35  38  38  38  37
  36  36  36  36  36  36  36  36  38  36  35  34  36  36  35  33  33  34  34  33
  33  32  32  29  32  32  32  32  31  31  32  30  30  32  31  28  29  30  30  29
  29  31  32  29  29  29  29  29  29  31  31  29  29  29  29  29  30  30  31  29
  30  30  30  30  30  30  30  29  29  29  29  28  28  30  31  29  29  29  29  29
  29  31  31  29  29  29  29  29  29  30  30  29  29  29  29  29  29  30  29  29
  29  29  29  28  28  28  29  28  29  29  29  29  29  29  29  29  29  29  29  29
  29  29  29  29  29  29  29  29  29  29  29  28  29  29  29  29  29  30  30  28
  29  29  29  29  30  30  29  29  29  29  29  29  29  29  29  28  29  30  29  28
  28  29  29  29  29  29  29  28  28  29  29  29  29  30  30  30  30  30  30  28
  28  29  29  28  28  30  30  28  29  31  31  30  31  31  29  29  29  29  29  29
  29  29  29  29  30  30  30  30  29  29  29  29  29  29  30  28  28  29  30  29
  29  30  30  28  29  29  30  29  30  31  31  29  29  30  30  29  30  30  30  30
  30  30  30  28  28  28  28  28  29  30  30  28  30  30  29  29  29  29  29  29
  30  29  29  29  29  29  29  28  28  29  29  29  30  30  30  29  29  29  29  29
  29  29  29  29  29  29  29  28  29  29  29  28  29  30  29  28  28  30  32  29
  30  31  29  29
  31  32  31  31  31  31  31  28  28  28  29  28  30  32  31  29  29  31  32  32
  32  32  31  29  29  32  32  29  31  32  32  32  32  31  32  32  32  32  32  33
  34  34  35  33  33  34  34  33  34  34  34  34  35  35  35  34  36  36  36  35
  35  35  34  34  34  35  37  38  38  37  36  35  38  38  38  38  38  40  40  39
  40  40  41  40  42  44  44  44  45  48  48  48  49  49  50  52  57  58  57  57
  57  61  62  59  62  65  66  65  70  78  83  85  86  94  98  97 102 113 120 122
 122 120 115 106 100 100 100 100 100  97  93  85  83  85  89  89  86  81  77  75
  73  70  67  65  66  66  65  63  58  53  50  46  45  43  42  41  41  41  39  38
  37  37  37  37  38  38  38  36  36  38  38  38  38  40  38  36  36  36  37  37
  38  38  36  36  36  37  38  37  36  36  36  35  35  35  35  35  35  35  35  35
  36  36  36  36  37  37  36  36  37  37  37  37  38  38  41  40  39  38  38  40
  41  41  38  38  40  41  44  44  44  44  42  38  38  38  38  38  39  39  39  37
  37  38  38  38  38  38  38  36  36  37  38  36  34  34  32  33  33  33  32  32
  32  32  32  31  31  32  32  30  30  30  30  28  29  32  32  30  30  31  31  29
  29  31  31  30  30  30  30  29  30  30  30  29  29  29  29  29  29  29  29  29
  29  29  29  29  29  29  29  29  30  30  30  28  28  29  30  30  30  30  29  29
  29  29  29  29  29  29  29  29  29  29  29  29  30  30  30  30  30  30  30  29
  29  29  29  28  29  29  30  29  29  30  29  29  29  29  29  29  29  29  29  28
  28  28  29  30  30  30  29  28  29  29  29  28  29  30  30  30  30  30  30  29
  29  29  29  29  29  29  30  29  29  29  29  28  29  29  30  29  29  29  29  29
  29  30  31  29  29  29  29  29  29  30  30  29  29  29  29  29  29  29  30  29
  29  30  30  30  30  30  31  29  29  29  28  28  29  30  31  30  30  30  30  30
  30  30  31  29  29  29  28  28  28  29  29  29  29  29  29  27  28  30  30  30
  30  30  29  29  29  29  30  29  29  29  29  28  29  30  29  27  28  29  29  29
  31  31  30  29  29  29  29  29  29  29  29  29  29  29  29  29  29  29  29  29
  29  29  29  28  29  29  29  29  29  30  28  28  28  28  29  28  28  29  29  29
  29  29  29  29  29  29  29  28  29  29  29  28  28  30  31  29  29  29  29  29
  29  29  29  29
  29  29  29  28  28  29  29  29  29  29  30  28  29  31  31  31  33  33  30  29
  31  33  33  29  28  28  28  29  32  32  29  29  31  32  32  32  32  32  32  32
  32  32  32  32  32  33  33  34  34  34  34  34  34  34  34  34  34  36  35  34
  36  35  34  34  36  37  37  38  39  42  44  43  41  40  40  40  44  46  47  47
  47  49  49  48  49  51  54  54  61  64  62  62  68  75  80  86  96 105 109 115
 129 139 141 138 136 134 133 128 126 122 115 108 102 102 102  99  99 100 100  99
 103 112 120 132 154 171 190 209 220 228 232 225 221 211 196 180 159 135 114  97
  83  74  65  60  55  53  51  50  50  50  51  51  50  49  48  48  50  50  50  51
  51  50  50  48  48  50  51  47  46  46  46  45  46  48  48  44  44  45  47  46
  46  48  48  46  46  46  46  43  44  47  47  46  47  48  48  45  48  50  50  52
  50  48  47  47  52  53  53  52  53  53  53  54  54  53  50  48  50  53  53  49
  49  49  49  49  48  50  47  46  47  46  45  43  43  44  42  39  39  39  39  37
  36  35  34  33  33  32  32  32  32  32  32  31  32  32  32  32  32  32  32  31
  31  31  31  31  31  31  31  30  31  31  31  30  29  29  29  29  29  29  30  29
  31  31  31  28  28  29  29  29  29  29  28  27  29  30  30  30  30  30  30  29
  29  29  29  28  28  29  29  29  29  29  30  30  31  31  31  28  29  29  29  29
  29  30  30  29  30  29  29  28  28  30  30  29  29  29  30  29  28  29  29  30
  30  30  30  28  27  29  31  28  29  30  30  29  29  31  30  28  29  29  29  29
  30  31  31  29  29  29  29  29  30  30  30  29  30  30  29  28  28  29  32  29
  29  28  28  28  29  30  30  29  30  30  30  30  29  29  29  29  29  29  29  28
  29  30  30  30  29  30  30  28  28  29  29  27  29  31  30  28  28  30  30  29
  29  28  29  29  29  30  31  30  30  30  30  28  28  29  29  29  30  31  31  28
  28  29  29  27  29  31  31  29  31  31  30  28  28  28  29  28  29  29  30  29
  30  31  29  28  28  29  28  28  28  28  29  29  30  30  30  30  30  30  30  28
  28  29  29  29  30  30  30  28  28  29  29  28  29  31  31  29  29  29  29  29
  31  31  29  30  31  29  30  29  31  32  32  31  29  30  29  28  29  29  29  29
  29  31  31  29  29  29  30  29  29  29  29  29  29  30  31  30  29  29  30  29
  29  30  31  30
  30  32  30  29  30  31  32  32  31  31  31  31  32  32  32  32  32  32  32  32
  32  33  32  31  31  31  32  32  32  32  32  32  34  34  33  33  33  33  32  32
  32  32  33  33  33  33  35  35  35  36  36  35  37  38  38  36  36  41  46  49
  54  60  73  85  89 103 143 193 222 233 241 241 249 255 255 255 255 255 254 252
 249 246 244 239 229 214 191 167 147 136 124 111  98  86  79  70  63  61  56  53
  50  46  45  43  42  41  36  35  38  41  41  40  39  36  34  34  34  36  36  34
  35  36  36  36  36  36  35  34  34  34  34  35  36  37  37  36  38  39  40  40
  42  42  42  42  44  44  42  40  43  46  47  47  48  47  46  46  48  52  53  50
  51  53  57  57  59  62  63  62  60  60  60  59  59  57  57  54  54  54  54  51
  50  54  56  54  56  57  56  50  50  51  51  47  47  49  47  46  48  48  47  45
  47  47  46  44  41  41  41  40  41  38  38  38  36  35  34  33  34  34  32  32
  32  32  32  30  31  32  32  31  31  31  31  30  30  30  30  29  29  29  29  28
  28  29  29  29  29  29  28  27  28  30  30  28  28  29  29  29  30  30  30  29
  29  29  29  28  28  30  29  28  29  30  30  28  30  31  29  29  29  29  29  29
  30  30  30  30  30  29  29  28  28  29  28  28  28  28  29  28  28  32  32  30
  29  30  30  29  29  30  31  29  29  30  32  32  32  32  31  29  30  30  30  28
  29  30  29  28  28  30  31  30  31  31  29  27  28  30  30  29  28  29  29  29
  30  30  29  28  28  29  30  30  29  28  28  28  29  29  29  28  28  29  29  29
  29  29  29  28  28  28  31  31  30  30  30  30  29  29  29  28  29  30  30  28
  29  29  29  29  29  29  29  29  29  29  30  29  29  29  29  29  29  29  29  28
  28  29  28  27  28  29  29  29  29  32  32  30  29  29  29  29  30  31  31  30
  29  29  30  28  29  29  29  29  29  30  30  29  29  29  29  28  28  30  31  29
  30  30  30  29  29  29  29  29  29  29  31  28  28  29  28  28  29  30  30  29
  28  28  28  28  29  30  29  28  28  28  30  30  30  30  30  28  29  30  30  29
  28  30  30  29  30  30  31  28  29  31  29  29  29  29  30  29  29  29  29  29
  29  29  30  29  28  28  28  28  28  29  30  28  29  29  30  30  29  31  31  28
  29  29  29  27  28  31  31  28  28  31  31  29  30  31  30  27  28  31  32  30
  31  31  30  28
  31  31  32  29  30  32  31  31  31  31  31  29  30  30  30  30  32  32  31  30
  30  29  29  29  31  32  32  31  31  31  31  30  32  32  31  31  32  33  33  33
  31  31  32  32  32  29  31  32  36  37  37  35  36  42  44  44  47  48  48  48
  59  70  77  89 102 120 140 151 162 183 203 215 220 217 206 189 185 183 180 173
 169 169 169 168 169 169 161 157 138 129 120 107  96  84  75  66  63  61  57  49
  45  44  42  40  40  38  37  34  35  35  34  33  32  32  32  32  34  34  34  33
  32  32  32  33  33  33  32  31  33  33  33  32  32  32  32  33  34  34  34  32
  32  33  34  34  34  34  34  34  34  34  34  34  34  34  34  32  34  35  35  35
  35  35  34  34  34  34  34  34  34  34  34  33  33  34  35  34  34  34  34  32
  32  32  32  34  34  33  32  32  32  32  32  31  32  32  32  31  31  32  32  29
  29  31  31  30  31  31  31  30  30  31  31  30  30  30  30  29  29  30  30  30
  30  30  30  29  29  29  30  30  30  30  30  30  30  30  30  28  29  29  30  29
  29  29  30  29  29  29  29  29  29  29  29  28  29  30  30  30  30  29  29  29
  29  29  29  29  29  29  29  28  28  29  29  29  29  29  30  29  29  29  28  28
  29  29  29  29  29  29  29  30  30  29  29  29  29  29  28  28  29  29  29  28
  29  29  29  29  29  29  29  29  29  28  28  28  29  29  29  28  29  29  29  28
  29  29  29  29  30  31  31  30  30  30  30  28  28  29  29  27  29  29  29  29
  29  31  30  29  29  29  29  29  30  30  29  29  30  29  29  29  29  28  28  28
  29  29  29  28  28  29  29  29  29  29  29  29  29  30  30  30  29  29  29  28
  28  28  28  28  29  29  29  28  29  29  29  29  28  28  30  29  29  29  29  29
  29  30  30  28  28  29  30  29  29  30  31  29  28  28  28  29  29  29  31  29
  29  29  28  28  28  29  30  29  29  30  29  28  30  30  30  29  29  29  29  29
  29  29  29  27  28  29  29  29  28  28  29  29  29  29  29  28  28  29  31  29
  29  29  29  28  29  30  31  28  28  29  29  29  29  31  31  29  30  30  29  28
  28  29  29  29  29  29  29  29  30  31  30  28  29  29  29  29  28  28  29  29
  29  29  29  29  28  29  30  29  29  29  28  28  29  30  32  29  29  31  31  31
  31  31  31  29  29  29  30  29  29  29  30  29  29  30  29  28  29  29  30  28
  29  30  30  30
  31  31  30  29  31  29  29  29  30  32  32  31  31  32  32  28  28  32  32  29
  29  31  30  29  32  31  30  30  31  31  30  31  31  31  31  30  30  30  32  31
  31  32  32  32  33  34  33  33  37  38  40  38  42  45  45  46  47  49  50  53
  57  59  59  59  63  66  66  63  66  70  69  67  70  75  82  85  93 102 108 113
 115 120 120 117 112 107 101  90  83  77  72  64  59  54  47  44  42  40  38  37
  37  37  37  38  38  36  36  35  35  34  34  32  33  34  34  34  35  36  35  34
  35  35  36  36  36  36  35  35  35  35  35  36  38  38  38  35  35  36  36  35
  36  37  37  36  37  38  38  37  38  40  38  37  37  37  37  37  39  39  39  38
  38  38  38  37  37  37  36  34  38  38  37  34  36  36  37  37  36  36  36  35
  34  34  35  35  34  32  31  32  33  34  34  32  32  34  34  31  31  31  31  29
  29  31  31  30  31  31  31  29  29  32  32  29  28  29  30  29  29  30  31  29
  29  30  30  29  28  30  31  29  29  29  30  29  29  30  30  29  29  29  29  29
  29  30  31  29  29  29  29  29  29  30  31  29  29  29  29  28  28  30  32  29
  29  29  29  29  29  30  31  28  29  31  29  29  28  28  30  29  29  29  28  28
  29  30  30  29  29  29  29  29  29  30  31  28  28  29  29  29  29  29  30  29
  29  29  30  29  29  30  31  29  29  30  29  27  28  29  30  29  30  31  30  29
  29  29  29  29  29  29  29  29  29  29  29  29  29  29  29  29  29  29  29  28
  28  29  29  29  29  29  29  29  29  29  29  29  29  29  29  29  29  29  29  29
  29  29  29  28  29  30  29  29  29  29  29  29  29  29  28  28  29  29  29  29
  29  29  29  29  30  30  30  28  29  30  29  28  29  30  29  28  28  28  29  29
  29  28  28  28  29  29  29  30  31  30  30  28  28  29  30  30  30  30  31  29
  29  29  29  28  29  29  30  29  29  30  28  28  29  29  29  29  29  29  29  30
  30  29  29  29  29  29  29  28  28  29  29  28  29  29  29  28  28  28  30  30
  30  30  30  29  29  29  29  29  29  29  29  28  29  29  29  29  29  30  30  29
  29  29  29  29  29  30  29  29  29  29  29  28  29  29  29  29  31  32  32  29
  29  29  29  29  29  29  29  29  29  29  29  29  29  29  29  29  29  29  29  28
  29  29  29  29  29  29  29  29  29  29  31  29  29  29  29  28  29  30  30  29
  29  29  29  28
  28  31  31  30  30  31  29  28  29  31  32  28  30  31  29  29  29  31  31  29
  29  29  29  29  30  31  30  30  30  29  29  29  31  31  31  31  32  32  31  31
  32  32  32  32  34  32  33  34  38  44  53  60  71  86 101 113 122 126 126 120
 114 107 101  89  81  75  67  62  61  60  54  50  48  46  43  40  40  40  40  38
  38  38  38  38  38  38  36  36  36  37  37  37  38  36  34  33  36  38  38  38
  38  38  37  36  36  37  38  37  38  38  38  38  38  38  38  38  37  37  38  35
  34  34  36  36  37  37  37  34  35  34  34  34  36  36  35  34  35  36  36  34
  33  33  34  34  34  32  32  34  34  34  32  32  34  34  34  32  32  34  34  33
  33  33  34  34  34  32  32  32  33  33  32  31  31  31  31  30  31  31  32  31
  31  32  31  29  29  30  30  29  30  30  30  28  31  31  31  31  31  31  31  30
  30  29  29  29  29  29  29  29  29  29  29  28  28  28  28  28  29  30  30  30
  30  30  30  29  29  29  30  29  29  30  30  31  31  30  30  30  30  30  30  28
  29  29  29  29  29  30  29  28  29  29  29  29  29  29  29  29  29  29  28  28
  29  29  29  28  28  29  29  29  29  30  30  29  29  29  29  29  29  29  29  29
  29  28  28  28  29  29  29  29  29  29  29  29  29  29  28  28  29  29  29  29
  30  30  29  28  29  29  29  29  30  30  29  28  28  29  29  29  30  30  30  29
  29  28  29  29  29  29  28  28  29  29  29  29  29  29  30  29  30  30  29  29
  29  29  29  29  29  29  29  29  29  29  30  29  29  29  29  28  29  29  29  29
  29  29  29  29  29  29  29  29  30  29  29  29  29  29  29  30  30  29  29  29
  29  29  29  29  29  29  30  29  29  29  29  28  29  29  29  29  29  30  30  29
  29  29  29  29  29  29  28  28  29  29  29  29  29  29  29  28  29  29  30  29
  29  30  29  28  29  30  30  28  28  28  29  29  30  30  30  29  29  29  29  29
  29  29  29  28  29  29  29  29  30  30  30  30  30  30  29  29  29  29  29  29
  29  29  29  29  29  29  29  29  29  29  28  28  28  28  29  29  29  29  29  28
  29  29  29  28  28  28  28  28  30  30  31  30  30  30  29  29  29  29  29  29
  29  29  29  29  29  29  29  29  29  29  29  28  30  30  30  28  28  29  29  29
  29  29  29  29  29  30  30  30  30  30  30  29  29  29  28  28  29  29  29  29
  29  29  29  29
i_gainStatus    =    0   0   0   0   0   0   0   0
i_NumCoinc      =    6   6   6   6   6   6   6   6
i_rawPkHt       =   96  73 122 232 255 220 120 126
i_spare2        =    0   0   0   0   0   0   0   0   0   0   0   0   0   0   0
   0   0   0   0   0   0   0   0   0   0   0   0   0   0   0   0   0   0   0   0
   0   0   0   0   0   0   0   0   0   0   0   0   0   0   0   0   0   0   0   0
   0   0   0   0   0   0   0   0   0   0   0   0   0   0   0   0   0   0   0   0
   0   0   0   0   0   0   0   0   0   0   0   0   0   0   0   0   0   0   0   0
   0   0   0   0   0   0   0   0   0   0   0   0   0