=GLA01
version=v6_0
type=LONG
i_rec_ndx       =    241455492
i_UTCTime       =    118796749      274203
i_gla01_rectype =        2
i_Spare1        =        0
i_filtnum       =    2   2   2   2   2   2   1   2
i_shot_ctr      =      169     170     171     172     173     174     175
     176
i_statflags     =            0           0           0           0           0
           0           0           0
i_gainSet1064   =       20      26      41      48      31      22      24
      30
i_4nsPeakVal    =       80     105     243     220     119     104     186
     134
i_8nsPeakVal    =       77     101     223     199     108      97     150
     124
i_4nsBgMean     =     2921    2921    2921    2922    2919    2919    2919
    2921
i_4nsBgSDev     =       78      78      84      83      76      72      78
      80
i_samp_pad      =        0       0       0       0       0       0       0
       0
i_comp_type     =    0   0   0   0   0   0   0   0
i_rng_wf        =   29  29  29  29  29  29  29  28  29  29  29  30  30  31  31
  31  31  29  29  28  29  29  30  30  31  32  31  28  28  29  30  29  31  32  31
  29  29  30  30  28  31  32  32  32  32  31  31  32  32  34  35  37  41  45  51
  54  61  68  73  76  77  81  81  81  81  81  79  77  77  75  72  67  64  64  61
  59  57  54  54  53  54  54  50  48  47  45  45  44  43  43  43  41  41  41  38
  36  36  36  34  34  36  36  36  35  36  36  36  34  34  34  37  37  38  38  36
  36  37  37  37  36  36  36  36  35  36  36  36  34  34  34  34  34  35  35  35
  34  35  36  35  34  34  34  34  34  34  34  34  34  33  32  32  32  34  34  33
  32  32  32  32  32  32  32  32  30  32  32  32  31  31  31  29  29  29  30  32
  30  31  32  31  31  31  31  31  29  29  29  29  28  29  29  29  29  30  30  30
  30  30  29  29  29  29  29  29  30  29  29  30  30  30  29  29  28  29  30  30
  28  28  29  29  29  29  30  31  29  29  29  29  29  29  29  29  29  29  29  29
  28  29  30  29  29  29  29  29  29  30  30  30  30  30  30  30  30  30  30  29
  29  29  29  30  30  30  29  28  28  29  29  30  30  30  29  29  28  28  29  29
  29  29  29  29  28  29  30  30  28  28  29  29  29  29  31  31  29  30  29  29
  29  30  30  29  29  29  29  29  29  29  29  29  29  30  30  30  30  29  29  29
  29  29  29  29  28  29  29  29  29  29  29  29  29  29  29  29  28  28  29  30
  30  30  30  30  29  29  29  31  29  29  30  30  29  28  30  31  29  28  29  31
  28  29  31  31  29  29  30  30  29  29  31  32  28  28  30  30  29  29  31  31
  29  29  29  29  29  29  31  31  28  28  29  29  29  30  30  30  29  29  29  29
  29  29  29  29  29  29  29  29  29  29  29  29  28  28  29  29  29  29  29  30
  29  29  29  29  29  29  29  30  29  29  30  29  28  28  29  30  29  28  28  28
  28  29  29  30  29  29  29  29  29  28  29  30  29  30  30  31  29  29  29  30
  29  29  29  29  29  29  30  30  28  29  29  29  29  29  30  30  29  30  30  30
  29  29  29  29  29  29  29  29  29  29  29  29  28  29  29  29  29  29  29  29
  29  29  29  29  29  29  29  29  29  29  29  29  28  29  29  29  28  29  30  30
  29  29  29  29  28  30  31  30  28  28  29  29  29  29  30  30  29  29  29  29
  29  29  29  29  29  29  29  29  28
  30  30  30  29  29  30  31  30  30  31  31  28  29  29  30  29  29  31  31  30
  30  30  30  29  29  29  29  29  30  30  31  30  30  29  29  28  30  32  31  30
  32  32  30  29  32  32  33  33  34  34  36  37  39  46  52  55  68  81  89  94
 100 100  98  98 103 109 109 104 103 104 104 100  98  95  89  83  79  78  76  67
  64  62  59  54  50  48  47  46  46  46  44  44  44  43  40  38  40  43  42  40
  38  38  37  37  38  40  41  38  39  39  39  39  39  39  38  37  37  37  37  36
  37  37  37  37  37  37  37  36  36  36  36  36  34  34  34  34  34  34  33  33
  34  33  33  32  33  34  34  32  32  32  32  32  32  32  31  29  32  32  32  31
  32  32  32  29  30  32  32  29  31  31  30  29  29  30  30  30  31  29  29  29
  29  30  32  31  30  30  30  30  30  30  30  29  29  30  30  30  28  29  31  29
  29  30  30  28  29  30  31  29  29  30  29  29  29  30  31  29  30  30  29  29
  29  29  30  29  29  29  29  29  29  29  30  29  29  29  29  28  29  29  31  29
  29  29  29  29  29  29  30  29  29  29  29  29  29  29  29  29  29  29  29  28
  28  28  28  28  29  29  29  29  29  29  29  29  29  29  29  29  29  29  29  28
  28  29  29  29  29  29  30  28  29  29  29  29  29  30  29  28  29  29  30  29
  30  30  30  30  30  30  31  29  28  29  29  28  28  30  31  29  28  29  30  29
  29  30  30  28  29  31  31  29  28  30  30  29  29  29  30  29  29  31  31  28
  28  30  30  28  29  30  30  29  30  31  31  30  30  30  29  29  29  29  30  29
  30  30  29  29  29  29  29  28  29  29  29  29  30  30  30  29  29  29  29  29
  29  29  29  29  29  29  29  29  28  29  31  29  29  30  31  28  29  31  31  28
  28  31  31  29  29  30  31  29  29  30  29  29  29  30  30  29  29  30  30  30
  30  30  29  28  29  29  28  28  28  28  29  29  29  30  29  29  29  29  29  28
  29  29  29  29  29  29  29  29  29  30  31  30  30  30  29  28  28  29  30  29
  29  29  29  29  29  29  29  29  29  30  30  28  28  29  29  29  29  30  30  29
  29  30  30  29  28  29  29  29  29  29  31  29  29  29  31  30  29  31  31  29
  28  29  30  28  28  31  31  28  28  31  31  29  30  31  31  29  29  30  30  30
  30  30  30  29  29  28  29  28  29  29  29  29  29  29  29  28  28  28  28  28
  29  29  29  29
  31  31  31  30  30  31  31  31  32  32  31  29  29  29  29  29  29  29  29  29
  30  29  29  29  29  29  28  28  29  32  32  31  31  31  31  30  30  30  31  31
  32  32  31  32  33  33  33  33  38  41  41  47  59  78  96 107 124 165 210 233
 241 248 248 241 243 241 236 217 193 168 145 125 113 102  93  83  75  72  68  64
  63  61  60  57  57  56  53  51  50  50  46  43  42  42  43  41  40  40  40  40
  41  41  39  36  37  37  37  36  36  36  36  34  34  35  35  34  34  34  34  34
  35  35  34  33  32  33  33  32  32  32  32  32  32  33  33  32  32  32  30  30
  30  31  31  29  30  32  32  32  32  32  32  30  30  30  30  29  29  31  31  28
  30  31  29  28  29  31  32  29  31  32  30  30  30  30  30  29  29  29  29  29
  30  29  29  28  28  29  29  28  28  29  30  29  31  31  31  28  28  30  32  30
  30  31  31  28  29  30  30  29  29  31  31  29  29  29  29  28  29  30  30  30
  30  31  31  31  31  31  32  28  30  30  29  28  28  30  30  29  29  29  29  28
  29  31  30  30  30  29  30  29  30  30  32  31  30  30  30  29  29  29  31  29
  29  29  30  28  29  30  30  29  29  30  30  29  31  31  31  29  29  29  29  29
  29  29  29  29  29  29  29  29  30  31  31  31  30  29  29  28  29  29  28  28
  29  30  30  29  29  29  29  29  29  29  29  28  30  30  30  30  28  28  30  30
  29  29  31  30  29  29  29  29  29  29  29  28  27  29  31  28  29  31  31  29
  29  31  31  29  30  30  30  29  29  30  30  29  29  29  29  29  29  29  31  30
  30  30  30  30  29  29  30  30  30  30  30  28  28  29  29  29  29  29  29  29
  29  31  31  28  28  30  30  29  29  30  31  29  29  29  29  29  29  30  30  28
  29  29  29  29  29  30  30  29  29  29  29  29  29  29  29  29  29  29  29  29
  29  29  29  29  29  29  29  29  29  29  29  29  29  29  28  28  28  29  29  29
  29  29  29  29  29  30  30  29  29  29  29  29  29  29  30  29  29  29  29  28
  28  30  31  30  30  30  30  29  29  29  29  29  29  29  29  29  29  30  30  28
  29  29  29  29  29  29  29  29  29  29  29  29  29  29  29  29  29  29  29  28
  28  29  30  29  29  29  29  29  28  30  30  29  30  30  30  28  28  29  30  29
  30  30  30  29  29  30  31  29  30  30  29  28  28  31  31  28  29  29  29  29
  29  31  31  30
  32  32  32  31  31  30  30  30  31  31  31  31  31  32  32  31  31  31  31  31
  31  31  31  30  30  30  30  31  32  32  30  28  29  29  29  31  31  31  32  32
  31  31  31  31  34  37  34  34  36  40  45  51  59  64  71  80  97 111 119 128
 143 157 169 181 199 212 221 225 225 222 214 195 179 162 146 132 122 115 109  97
  91  89  83  78  77  79  81  75  70  64  63  65  65  66  62  57  57  58  58  55
  52  48  48  48  49  49  48  46  45  45  43  42  43  43  43  41  41  41  40  40
  41  40  40  38  38  40  40  38  38  38  38  37  36  36  35  35  36  35  35  34
  36  38  36  34  33  34  34  34  34  35  35  34  34  32  32  32  32  32  32  32
  32  32  32  32  32  32  32  29  29  29  29  29  29  30  31  29  30  31  31  31
  31  31  31  29  30  30  31  30  30  32  32  29  29  30  30  28  29  31  31  29
  31  31  31  29  28  29  28  28  30  30  30  29  28  28  29  29  29  29  31  30
  29  29  29  28  29  30  30  29  28  29  31  29  29  29  31  29  29  31  31  29
  30  30  30  29  29  30  32  29  30  31  31  30  30  31  30  29  30  30  30  28
  29  30  30  30  31  31  29  29  29  29  29  29  29  29  29  30  30  30  30  28
  29  29  29  28  29  30  29  28  28  29  29  29  29  30  30  29  29  30  30  29
  28  29  29  28  30  30  30  28  28  31  32  29  29  30  30  29  30  31  31  29
  29  30  29  29  29  29  30  29  29  28  28  28  29  29  29  29  29  29  29  29
  29  29  29  29  29  29  29  29  28  28  28  28  29  29  30  31  31  31  31  29
  29  29  29  28  29  29  29  29  29  29  29  29  29  29  29  29  29  29  29  29
  29  29  29  29  29  29  29  28  29  29  29  28  29  29  29  29  29  29  29  29
  29  29  29  29  29  29  29  29  29  29  29  28  29  29  29  28  29  30  30  30
  29  29  29  29  29  28  28  28  28  29  29  29  29  29  29  29  29  29  29  28
  31  31  31  31  31  31  30  30  30  29  29  29  29  29  29  28  28  29  29  28
  29  29  28  27  28  30  30  30  30  30  30  29  29  29  29  29  29  29  29  29
  29  29  28  28  29  29  29  28  28  29  29  30  30  31  29  28  29  29  29  29
  28  28  29  29  29  29  29  28  29  30  30  28  29  30  29  29  29  32  32  29
  29  28  29  29  29  29  29  29  29  29  29  29  29  29  30  28  29  29  29  28
  28  31  31  29
  31  32  32  30  31  32  29  29  30  30  30  29  31  32  32  30  30  30  30  30
  31  30  30  29  32  32  31  31  31  31  30  29  31  29  30  31  31  31  31  31
  32  34  32  32  32  32  34  34  35  36  38  39  42  45  49  50  54  62  69  73
  79  86  94 102 113 123 126 120 117 114 108 102  95  92  88  82  78  75  72  67
  66  64  61  57  56  54  54  50  49  50  50  46  46  46  46  45  46  47  46  46
  47  46  46  45  42  40  40  41  42  42  43  43  41  42  41  40  41  43  44  42
  42  42  39  40  41  43  44  42  42  41  41  40  40  40  41  41  42  44  42  39
  39  38  38  37  37  36  35  34  34  35  35  35  34  34  33  33  34  34  34  34
  32  32  32  32  34  34  34  32  32  32  32  30  30  31  31  30  30  31  32  28
  29  31  31  29  29  30  30  28  30  32  32  29  29  30  30  30  30  31  31  29
  29  29  29  29  31  31  30  28  28  29  29  28  31  31  31  29  29  30  29  29
  29  29  29  29  30  30  30  28  28  29  29  29  29  30  28  28  29  30  30  30
  30  31  29  28  28  29  29  29  29  29  29  29  31  31  31  31  29  29  29  29
  29  29  29  28  29  30  30  30  29  29  29  29  29  29  31  28  29  31  31  31
  31  31  31  29  29  29  29  30  30  30  31  29  29  29  30  30  30  30  30  29
  29  30  30  30  28  29  31  29  29  29  30  28  29  31  31  29  29  30  30  29
  29  30  32  29  29  30  30  28  28  30  31  29  30  30  30  29  29  30  30  29
  29  29  29  29  30  31  31  28  29  29  29  29  29  30  30  29  30  29  29  29
  29  29  29  29  29  29  29  28  28  29  29  27  28  29  29  29  29  30  30  29
  29  29  29  29  29  29  29  29  30  30  29  28  29  30  30  30  31  29  29  29
  29  29  29  29  30  29  30  30  30  29  29  30  30  29  28  28  29  29  29  28
  29  29  29  29  29  29  29  29  29  29  29  29  29  29  28  28  29  29  29  28
  29  29  29  29  30  30  31  29  29  29  29  28  30  30  30  29  29  29  29  29
  28  29  31  29  29  29  31  28  28  31  31  28  28  30  30  29  29  31  32  29
  29  31  31  29  29  31  31  29  29  30  29  29  30  31  32  29  29  30  31  30
  30  30  30  29  29  30  29  28  28  30  30  29  30  30  30  28  29  30  30  30
  30  30  30  29  29  29  30  29  29  29  29  28  29  30  30  30  30  30  29  28
  30  30  30  30
  29  31  31  29  29  31  31  28  29  29  29  29  31  31  31  29  29  29  29  28
  32  32  31  29  31  32  29  28  28  29  29  29  30  30  30  29  31  30  29  31
  31  31  30  31  32  32  32  31  33  36  36  37  38  46  50  51  57  64  70  75
  85  95 102 102 103 107 107 105 103  97  92  83  76  73  68  65  64  62  60  54
  51  51  51  48  47  47  45  43  42  42  41  42  43  43  41  40  40  40  39  38
  38  38  37  36  36  36  36  36  38  38  36  36  36  37  37  36  37  37  36  36
  36  36  36  36  36  36  36  36  36  34  34  33  33  33  33  33  34  34  33  32
  32  32  32  32  32  32  32  32  31  31  31  31  32  31  31  31  31  31  32  31
  30  30  31  30  30  30  31  29  29  30  30  30  29  29  31  29  29  29  31  28
  29  30  30  29  28  30  30  29  29  29  31  29  29  30  31  29  29  30  30  29
  29  30  31  29  28  30  31  30  29  30  31  28  28  31  31  28  29  30  30  29
  28  31  32  29  29  30  31  29  29  31  30  29  29  30  30  29  29  30  30  30
  30  30  30  29  29  29  29  29  29  29  29  29  29  29  29  29  29  29  30  28
  29  30  31  28  28  30  30  29  29  30  31  28  28  30  31  29  30  31  31  29
  29  30  30  30  30  30  31  29  29  29  29  29  29  29  30  29  29  29  29  28
  28  29  29  29  29  30  31  28  28  28  28  28  29  30  29  29  29  29  29  29
  29  29  29  29  30  30  30  29  29  29  29  29  29  29  29  29  29  29  28  28
  29  29  29  29  29  29  29  29  29  29  29  29  29  29  29  28  29  29  29  29
  29  29  29  29  29  29  29  29  29  29  29  28  29  29  29  29  29  29  29  29
  29  29  29  29  29  29  29  28  29  29  29  28  29  29  29  29  30  30  29  29
  29  29  29  29  29  29  29  29  29  29  29  29  29  29  30  29  29  29  29  28
  29  30  30  30  30  30  30  28  29  29  29  29  30  30  30  29  29  29  29  28
  29  29  29  29  29  29  29  29  29  29  29  28  29  29  29  28  29  30  29  29
  29  29  29  29  29  29  29  29  29  29  29  29  29  29  28  28  29  29  29  29
  29  29  29  29  29  29  29  29  29  29  29  28  29  29  29  29  30  30  29  28
  29  29  29  29  30  29  29  29  29  28  28  28  29  29  29  28  29  29  29  29
  29  30  28  28  30  30  31  30  30  30  30  30  30  30  30  30  30  29  29  28
  28  29  28  28
  31  31  31  28  30  32  32  30  30  32  32  29  31  31  29  28  28  30  30  29
  30  31  28  28  31  31  31  29  30  32  32  30  31  32  31  29  32  32  32  29
  34  36  34  34  38  39  37  42  56  69  82 101 130 164 189 198 198 189 165 136
 113  97  85  73  64  58  52  46  41  40  38  38  38  36  36  34  35  36  35  35
  34  34  34  33  34  35  36  34  34  33  34  34  34  34  33  33  34  34  35  35
  35  36  36  34  34  36  36  36  36  37  38  37  37  37  36  36  37  38  38  37
  37  37  38  38  38  39  37  35  35  35  35  34  36  36  35  34  35  35  35  34
  34  34  34  33  33  33  34  34  34  33  32  32  32  32  31  31  32  32  32  31
  31  31  32  31  31  31  30  30  30  29  31  29  29  29  29  29  29  29  31  29
  29  29  29  28  29  30  30  29  29  31  30  30  30  30  30  29  29  29  29  29
  29  29  29  29  29  29  29  28  29  29  29  28  28  29  28  28  31  31  31  29
  29  30  29  29  28  29  29  29  29  29  29  29  29  30  31  31  29  29  29  29
  29  29  31  28  29  30  29  28  28  30  31  29  29  29  29  29  29  31  31  29
  29  30  29  28  28  28  30  29  29  30  30  30  30  30  30  29  29  29  29  28
  29  29  29  29  29  30  29  28  28  28  29  29  30  30  30  29  29  29  29  28
  29  29  29  29  29  29  30  29  28  28  28  28  29  29  30  29  29  29  29  29
  28  29  30  29  29  30  31  28  28  30  30  28  28  30  30  29  29  31  32  28
  28  31  31  28  28  31  31  29  29  31  31  29  29  31  31  29  29  30  30  29
  30  30  30  28  29  30  30  30  30  31  31  29  30  30  29  29  29  29  29  29
  29  29  29  29  29  30  31  29  30  30  29  29  29  29  30  28  29  29  29  29
  29  30  30  29  29  29  29  29  29  29  30  29  29  29  29  29  28  30  31  30
  29  29  30  29  30  30  31  29  29  30  30  28  28  29  31  29  29  30  30  29
  29  30  31  29  29  29  30  30  30  31  31  28  28  29  30  30  30  31  31  29
  29  29  29  29  29  29  30  29  29  29  29  29  29  29  30  29  29  29  29  28
  28  29  31  29  28  29  31  29  29  30  31  28  29  30  30  28  28  30  30  29
  29  31  32  29  30  31  31  28  28  31  31  29  28  30  31  29  29  30  31  29
  29  30  30  29  29  30  30  29  29  30  30  29  29  29  29  29  29  29  29  29
  29  30  30  29
  30  31  31  31  31  31  32  29  29  29  30  30  30  30  31  29  29  30  31  31
  32  32  31  29  30  32  32  30  32  31  31  32  31  31  31  31  31  32  32  32
  32  32  32  31  32  34  34  35  36  39  39  38  41  47  49  54  67  75  83  93
 102 115 123 128 136 140 139 130 123 120 120 115 113 109 104  97  95  95  95  91
  87  83  79  73  67  62  56  52  47  42  40  38  38  37  36  35  36  36  36  35
  35  35  35  34  34  34  34  34  34  34  34  34  34  36  37  36  36  36  34  34
  36  37  37  36  36  36  35  35  36  38  38  38  38  38  37  37  38  37  37  36
  37  37  36  36  36  36  36  36  36  36  36  36  37  37  36  35  35  34  33  33
  33  33  33  31  32  33  32  31  31  31  31  30  31  32  32  30  30  32  32  29
  29  32  32  29  30  31  32  29  29  31  31  29  28  30  31  29  28  28  29  29
  29  30  30  28  28  29  29  29  29  31  31  28  29  30  30  29  29  31  32  29
  28  29  30  29  29  31  31  29  29  30  30  28  29  30  30  29  30  31  30  29
  28  29  29  29  29  29  29  29  30  30  30  30  30  29  29  29  29  29  29  28
  30  30  29  28  28  28  30  30  30  29  29  29  29  30  31  29  29  29  29  28
  29  29  31  29  29  30  30  30  29  30  30  29  29  29  29  28  28  29  31  29
  29  31  29  28  28  30  32  29  29  30  30  30  30  31  31  29  29  30  29  28
  28  30  30  29  29  30  30  30  31  30  29  28  29  30  30  30  29  29  29  29
  30  30  30  30  30  29  29  29  29  29  29  30  29  29  30  28  28  29  31  29
  29  30  30  28  29  30  31  28  28  32  32  29  29  31  31  29  29  31  32  29
  30  31  31  29  28  31  32  29  28  29  31  29  29  31  31  29  29  30  30  28
  28  31  32  29  29  31  31  28  28  31  32  29  29  30  30  29  29  31  31  29
  29  29  29  29  31  31  31  29  29  29  29  29  29  29  29  29  29  29  29  29
  29  29  29  29  29  29  29  28  29  29  30  29  29  30  30  30  30  30  31  28
  28  29  29  29  29  30  30  29  29  29  28  28  29  29  29  29  30  30  29  29
  29  29  29  29  29  29  29  28  30  30  29  28  28  29  29  29  29  29  29  29
  29  30  30  30  30  30  30  30  30  30  30  29  29  29  29  29  29  29  30  29
  29  28  28  28  29  29  30  29  29  29  29  30  30  29  29  29  29  29  31  31
  29  29  31  31
i_gainStatus    =    0   0   0   0   0   0   0   0
i_NumCoinc      =    6   6   6   6   6   6   6   6
i_rawPkHt       =   81 109 248 225 126 107 198 139
i_spare2        =    0   0   0   0   0   0   0   0   0   0   0   0   0   0   0
   0   0   0   0   0   0   0   0   0   0   0   0   0   0   0   0   0   0   0   0
   0   0   0   0   0   0   0   0   0   0   0   0   0   0   0   0   0   0   0   0
   0   0   0   0   0   0   0   0   0   0   0   0   0   0   0   0   0   0   0   0
   0   0   0   0   0   0   0   0   0   0   0   0   0   0   0   0   0   0   0   0
   0   0   0   0   0   0   0   0   0   0   0   0   0