=GLA01
version=v6_0
type=LONG
i_rec_ndx       =    241455492
i_UTCTime       =    118796749      274203
i_gla01_rectype =        2
i_Spare1        =        0
i_filtnum       =    2   3   4   4   2   2   2   2
i_shot_ctr      =      193     194     195     196     197     198     199
     200
i_statflags     =            0           0           0           0           0
           0           0           0
i_gainSet1064   =       92     202     139      77      46      43      36
      33
i_4nsPeakVal    =      170      39     255      36     154     147     148
     192
i_8nsPeakVal    =      148     245     252     135     135     141     133
     174
i_4nsBgMean     =     2924    2939    2937    2924    2919    2918    2926
    2923
i_4nsBgSDev     =      107     147     123      95      80      81      86
      82
i_samp_pad      =        0       0       0       0       0       0       0
       0
i_comp_type     =    0   0   0   0   0   0   0   0
i_rng_wf        =   30  31  30  29  29  29  29  29  29  27  27  25  28  32  31
  31  31  31  32  32  32  32  31  31  32  32  32  32  31  32  32  32  32  32  32
  32  34  33  32  33  33  33  32  32  34  34  34  32  32  35  36  37  38  40  37
  34  36  39  41  44  57  69  79  95 119 142 153 157 166 178 180 172 159 142 122
 106  95  89  85  83  85  85  85  78  75  75  73  66  64  64  62  60  61  63  65
  62  62  61  59  59  59  62  62  61  62  62  62  59  61  62  61  60  60  64  66
  62  59  59  59  54  54  55  55  53  53  56  56  55  59  62  61  57  57  56  53
  53  56  57  59  57  56  55  56  56  58  59  59  57  57  57  57  56  57  58  59
  59  59  58  58  59  59  62  63  62  62  61  59  59  59  59  59  60  67  73  72
  66  60  60  60  58  62  68  70  69  69  70  70  67  67  67  64  61  61  63  64
  61  61  61  61  62  64  64  63  59  61  66  67  67  67  67  66  61  60  60  59
  57  59  59  59  58  55  57  58  57  58  58  56  51  50  48  46  48  51  54  54
  51  49  49  50  49  51  54  54  51  51  49  45  42  43  43  45  44  43  45  45
  45  46  48  48  44  43  43  42  39  41  44  44  42  42  47  47  46  46  47  47
  45  47  47  44  44  43  44  46  45  45  44  43  40  41  46  46  45  46  49  50
  46  43  43  44  41  41  39  39  42  42  41  41  39  40  43  43  38  38  38  39
  40  40  40  40  38  39  43  44  42  42  40  39  42  43  42  41  39  40  41  43
  41  39  39  40  41  42  42  39  38  39  42  44  41  41  41  41  41  37  36  35
  34  36  36  36  36  36  36  34  32  34  37  37  37  36  36  35  34  35  36  36
  36  36  36  36  34  34  33  33  33  34  33  33  32  31  32  31  31  33  34  34
  33  33  33  34  33  33  32  32  32  32  31  31  30  33  34  34  32  32  32  32
  32  33  33  32  30  31  31  32  33  33  33  32  32  33  32  30  30  31  32  33
  31  31  32  32  31  32  32  31  29  31  31  32  32  32  32  32  31  31  31  31
  29  29  29  29  29  32  33  33  32  31  30  32  32  32  32  31  31  31  32  31
  30  32  32  32  32  32  32  32  30  30  30  29  30  33  32  32  29  31  33  33
  31  32  32  32  32  32  31  29  29  31  29  29  31  32  32  32  31  31  32  32
  31  32  32  32  31  31  31  31  29  32  32  31  30  31  31  30  30  31  32  32
  31  30  30  31  31  32  32  32  29
  27  28  27  27  27  28  29  28  28  27  28  29  32  32  31  25  22  23  29  32
  32  32  32  31  32  32  32  32  34  36  38  34  33  32  32  32  33  32  34  36
  36  36  34  31  32  33  35  40  43  41  37  37  38  43  43  38  36  36  41  45
  45  40  38  38  41  50  56  55  48  34  30  34  47  54  50  39  39  67 133 178
 188 196 203 210 221 236 243 239 242 249 255 255 251 247 245 240 241 243 244 239
 241 244 244 241 240 241 239 238 239 239 243 244 247 248 249 248 242 222 198 174
 159 151 143 135 130 126 118 114 115 115 108 102 103 109 108 102  97  95  93  93
  97  94  92  94 102 108 111 113 112 109 106 100  96  93  90  80  74  77  85  89
  93  97  95  89  91 102 110 109 103  98  94  90  90  97 103 103 101  99  95  89
  89  89  89  93 101 103 100  92  88  85  83  81  81  81  83  81  78  76  75  75
  80  82  78  70  70  75  79  79  76  72  69  69  74  75  75  73  70  66  64  64
  65  66  64  59  60  59  59  57  56  54  50  48  48  47  46  46  50  51  51  48
  48  48  47  47  47  46  42  38  40  41  42  38  37  36  36  38  41  44  44  40
  40  38  37  34  35  35  34  32  31  32  34  34  34  33  31  28  29  32  33  33
  32  32  33  32  33  33  32  28  28  28  29  29  31  31  31  31  31  31  31  29
  32  32  31  31  31  32  32  29  28  27  29  31  32  32  31  28  30  32  32  28
  28  30  31  29  31  32  31  29  31  31  30  29  29  29  32  32  30  29  28  29
  32  32  31  28  27  27  29  28  28  27  27  28  32  32  29  25  25  27  32  32
  29  30  27  27  30  30  30  27  27  31  32  30  30  30  30  28  28  31  32  32
  33  32  30  29  29  29  29  29  30  32  31  28  28  28  29  29  29  29  29  28
  28  30  31  29  29  30  30  27  29  32  32  29  29  31  32  29  32  32  30  29
  30  31  31  29  28  28  27  27  29  29  29  29  29  28  29  30  32  34  32  31
  30  30  31  29  29  28  27  28  29  29  28  28  29  29  32  31  30  29  28  28
  29  29  29  28  28  28  28  27  28  29  29  28  28  28  28  28  30  30  30  29
  28  28  29  29  29  29  29  27  29  30  30  30  29  29  32  30  29  29  28  28
  30  30  31  29  32  32  31  31  29  29  29  29  31  29  27  27  28  32  33  31
  30  30  29  28  29  31  31  28  28  28  29  29  29  31  31  28  29  29  29  29
  29  29  29  29
  31  32  32  31  31  31  31  29  30  31  31  28  28  30  30  29  28  29  28  27
  29  32  32  32  32  31  28  28  28  29  29  28  29  30  29  28  28  28  29  29
  29  29  29  31  32  30  28  25  28  29  27  25  25  27  28  28  28  28  27  27
  29  32  32  27  24  27  29  29  29  28  31  34  36  34  33  33  33  34  34  32
  33  34  35  35  36  36  38  41  42  44  44  42  41  45  50  48  50  52  52  50
  53  57  57  54  57  60  63  66  71  71  75  75  75  80  89  96  98  98  99  98
 101 106 108 108 107 107 102  89  79  81  87  91  97 100  97  89  90  96 104 109
 108 103 102 103 112 123 128 126 125 126 130 130 126 123 124 130 149 169 180 177
 170 160 160 183 213 229 237 239 244 246 250 250 252 255 255 255 255 255 255 255
 255 251 252 247 246 235 221 205 201 199 189 172 161 152 147 147 149 148 147 142
 143 141 133 125 118 110 104  99  97  93  86  79  79  83  86  81  77  74  71  69
  67  66  64  59  59  60  61  59  59  57  57  57  59  65  66  61  57  57  57  57
  58  59  56  54  54  54  54  53  54  57  59  59  59  55  53  51  50  50  50  49
  49  49  49  48  50  52  51  52  52  51  50  50  52  54  54  50  49  50  49  46
  44  43  41  41  43  44  44  40  38  36  36  37  37  36  36  36  37  37  37  35
  34  34  34  34  34  34  34  34  35  34  33  31  34  36  34  33  32  33  34  34
  34  33  32  31  32  32  32  32  32  30  29  30  32  32  32  30  31  32  32  31
  32  32  31  28  30  31  31  29  28  28  29  29  30  30  27  27  29  29  29  28
  31  32  32  32  32  32  30  28  30  30  30  29  28  28  29  31  31  29  28  28
  29  29  29  28  31  32  30  28  28  29  30  30  31  31  29  29  30  30  29  28
  28  29  29  30  30  29  30  30  30  30  30  31  30  30  30  28  29  29  29  28
  28  29  30  29  29  29  29  28  28  28  28  26  28  30  29  28  28  28  29  29
  31  31  31  29  28  29  29  29  29  30  29  27  28  30  30  28  28  29  31  29
  29  28  27  27  29  30  30  29  29  29  29  29  28  29  31  29  29  29  29  28
  28  29  30  29  29  30  32  31  29  31  32  30  30  30  28  27  27  30  30  29
  31  31  30  28  28  31  32  29  28  28  28  28  29  31  31  28  28  28  28  28
  28  31  31  29  28  28  28  27  29  30  29  28  28  28  30  30  29  28  28  28
  28  30  31  30
  29  30  30  29  29  29  29  29  30  30  30  29  29  29  28  28  30  30  29  28
  31  31  31  30  31  32  32  29  30  32  31  29  31  32  31  29  31  32  32  29
  30  31  32  29  30  32  31  29  31  31  30  29  30  31  31  30  31  32  32  32
  32  32  32  33  34  34  33  33  34  36  37  36  35  35  36  35  35  35  35  35
  37  38  38  36  36  36  36  36  36  35  34  33  34  38  39  39  36  36  36  36
  38  38  38  35  37  39  41  41  39  40  38  38  41  41  38  36  37  40  43  45
  46  44  43  41  41  44  44  44  46  46  46  46  48  49  48  48  49  49  49  49
  50  52  51  49  49  49  50  50  50  50  50  49  51  54  57  57  59  67  67  65
  63  63  63  59  59  59  57  57  60  62  62  57  56  57  57  57  59  59  59  59
  60  65  65  64  65  65  62  61  66  71  75  76  73  72  72  75  81  89  89  86
  89  90  90  90  89  89  93  98 105 109 110 112 117 122 126 126 126 123 117 115
 120 125 126 126 128 134 139 141 143 145 143 137 136 134 132 122 112 105  98  94
  93  93  93  92  91  89  83  74  68  67  70  71  70  70  65  60  60  59  57  54
  53  51  51  51  53  54  54  52  50  51  52  52  52  51  51  48  43  40  40  40
  41  43  44  43  41  40  39  39  41  44  44  38  38  39  39  38  40  40  38  37
  38  40  41  41  41  40  38  38  39  41  41  38  38  38  38  37  36  36  38  38
  38  38  38  40  42  43  41  38  40  40  39  36  36  36  36  34  34  34  34  34
  34  32  33  33  34  34  34  33  34  34  32  32  32  32  32  29  31  32  32  32
  32  31  30  30  30  30  30  30  30  30  30  31  32  32  32  30  30  30  30  30
  30  30  29  29  29  29  30  30  30  31  31  29  29  29  30  29  28  29  29  28
  29  30  31  29  29  31  32  29  29  30  30  29  30  30  30  28  28  31  31  29
  30  30  30  28  29  31  31  30  31  32  30  29  31  31  29  28  28  28  29  29
  30  29  29  30  29  30  29  28  29  29  29  28  28  30  30  28  29  29  29  29
  29  31  32  30  32  32  29  28  28  29  30  29  30  30  29  28  28  29  29  29
  29  29  29  28  28  28  29  28  29  28  28  28  28  29  29  28  29  29  29  28
  30  31  31  29  29  30  30  30  30  29  29  29  29  29  30  31  29  29  30  30
  30  29  30  28  28  29  29  28  29  30  30  28  28  30  32  29  29  31  31  29
  28  28  29  29
  30  33  32  30  30  30  30  29  31  32  31  29  31  31  31  29  31  32  32  30
  31  31  29  29  31  31  30  30  30  32  32  31  31  31  31  30  32  32  32  32
  32  32  32  32  32  32  31  30  34  35  34  34  34  36  36  37  39  44  53  57
  72  95 118 134 147 158 165 157 149 142 130 117 106  96  89  81  76  75  70  65
  65  63  61  56  55  55  53  51  51  51  51  50  51  51  50  48  47  47  46  46
  47  50  52  51  50  48  48  48  49  50  49  45  45  47  49  51  54  54  53  50
  51  51  51  49  48  50  51  50  50  49  49  49  50  50  47  46  46  46  46  47
  48  49  50  48  49  51  51  51  50  48  48  48  50  51  51  48  46  46  45  45
  46  46  46  45  44  44  44  44  46  46  44  43  43  45  46  44  44  43  43  41
  42  44  44  43  41  41  40  40  41  40  38  35  38  41  41  38  38  39  38  37
  38  39  38  37  36  36  37  37  36  36  36  35  36  36  35  35  36  35  34  34
  34  34  34  33  34  33  33  33  33  34  34  34  34  33  34  34  34  33  33  31
  33  33  32  32  32  33  33  32  33  32  32  32  32  31  30  30  31  30  30  31
  32  32  32  31  31  32  32  30  29  31  31  29  30  30  30  29  29  30  30  30
  30  30  30  30  30  30  31  30  31  31  31  30  29  29  29  28  29  29  29  29
  29  31  31  29  29  29  29  29  29  29  30  29  30  30  30  28  28  30  31  28
  28  30  32  29  29  31  31  29  29  30  31  29  29  30  31  28  30  31  31  29
  29  31  31  29  30  29  29  29  29  30  30  29  29  29  29  29  29  29  29  29
  29  29  29  29  29  29  30  28  29  29  29  29  29  30  30  29  29  29  29  28
  28  30  31  29  30  30  30  29  29  29  29  29  29  29  30  29  29  29  29  29
  29  30  29  28  30  30  30  28  28  28  29  29  29  30  30  28  28  28  29  29
  29  29  29  29  29  29  30  29  29  30  30  28  29  30  30  29  29  31  30  28
  30  30  30  28  28  31  31  30  31  31  30  29  30  30  29  29  30  30  30  29
  29  29  29  27  28  29  29  29  29  30  29  29  29  29  29  29  29  29  30  29
  30  30  30  29  29  29  29  29  29  29  29  28  29  32  32  30  31  31  31  29
  29  29  29  29  29  28  28  28  28  28  28  28  29  29  29  29  29  29  29  29
  29  29  29  29  30  30  31  28  28  29  29  29  29  29  29  29  29  29  29  29
  29  29  29  29
  31  32  32  29  31  32  31  29  31  31  31  29  30  32  32  30  30  30  30  30
  30  31  31  30  31  31  30  29  29  30  30  30  30  32  32  30  31  31  31  28
  31  31  31  32  32  32  30  30  33  33  36  36  36  38  43  47  49  57  67  73
  80  89  95  97 107 119 126 128 132 138 145 149 151 151 147 139 137 140 141 139
 136 124 114 102  92  83  74  62  57  53  48  45  44  44  44  41  40  39  39  38
  38  39  39  38  39  38  38  36  36  34  35  35  37  37  36  34  34  35  35  34
  35  36  38  38  39  38  36  37  37  37  38  38  38  37  36  34  35  37  38  38
  38  38  37  36  36  35  36  36  36  36  36  36  37  38  38  36  36  38  39  39
  40  40  38  38  38  38  38  37  37  36  38  40  40  38  36  35  38  41  41  40
  38  38  41  41  41  41  38  38  38  40  40  41  42  42  41  38  38  38  38  38
  38  39  38  38  38  38  37  36  38  38  37  36  36  36  36  36  37  37  37  36
  36  36  36  35  34  33  33  32  32  32  33  32  32  32  32  32  32  34  32  30
  30  31  32  29  29  31  32  29  29  30  31  29  30  30  30  29  29  30  30  29
  29  30  31  29  30  30  30  30  30  30  30  29  29  30  30  30  30  30  30  29
  29  29  29  30  30  30  29  28  29  29  29  29  30  30  30  29  29  29  29  29
  29  29  29  29  29  29  31  31  30  29  29  28  29  29  29  29  29  29  29  29
  30  31  31  31  31  31  31  29  29  29  29  29  29  29  29  29  30  29  29  28
  28  29  29  29  30  30  30  29  29  29  29  28  29  29  29  29  29  29  30  29
  29  29  29  29  29  29  29  29  29  29  29  28  28  30  31  28  30  31  31  29
  29  31  29  29  30  30  30  29  30  30  30  29  29  29  29  29  29  29  29  29
  29  29  29  29  28  29  31  29  29  29  29  28  29  31  31  29  28  28  29  29
  29  30  31  28  29  30  30  29  28  30  30  29  29  30  30  28  28  31  32  29
  29  30  30  29  29  30  30  29  30  30  30  30  30  31  32  29  29  30  30  28
  28  30  30  29  29  30  30  29  29  29  30  29  29  30  31  29  29  30  28  28
  28  29  29  29  29  29  30  29  29  30  29  29  30  30  30  28  28  28  28  28
  29  30  30  29  30  30  30  29  29  29  29  29  29  29  29  29  29  29  30  28
  28  29  31  29  29  31  30  28  29  30  31  29  29  31  31  30  31  31  31  29
  29  30  30  30
  30  31  31  28  28  32  33  30  30  31  31  28  28  31  31  29  29  31  31  29
  29  31  31  29  32  32  32  30  31  31  30  29  29  32  32  29  32  31  28  27
  32  33  33  32  31  32  34  34  33  34  39  42  47  53  62  75  90 106 120 128
 137 148 157 155 144 139 135 123 115 108  96  85  75  65  62  57  54  53  51  48
  47  47  47  45  45  45  44  44  44  44  44  42  41  41  43  43  43  43  43  41
  41  41  41  41  42  42  41  40  40  40  41  41  41  40  40  40  41  41  41  39
  41  41  42  42  43  44  41  38  38  40  40  40  40  38  37  36  38  40  39  38
  38  38  38  38  39  38  36  35  36  37  37  38  38  38  37  34  34  36  36  36
  36  36  34  34  36  36  36  36  36  35  36  36  37  37  36  34  33  35  35  34
  34  34  34  34  34  34  34  34  34  32  32  33  33  33  33  32  33  34  33  32
  32  32  33  32  32  32  32  32  32  31  31  32  33  34  32  32  32  32  32  30
  30  32  32  31  32  32  31  29  31  31  30  29  30  32  32  30  31  32  32  29
  29  30  31  30  31  31  31  29  28  30  31  30  31  31  31  28  28  31  31  28
  28  30  31  29  29  31  32  29  30  31  31  29  28  31  31  30  30  30  30  29
  29  31  32  31  31  31  31  31  31  31  32  29  28  29  30  30  30  30  30  29
  29  30  30  28  28  30  31  29  29  30  29  29  29  29  30  29  29  30  30  30
  30  30  30  29  29  29  29  29  30  29  29  28  29  29  29  29  29  29  30  29
  30  30  29  29  29  29  30  30  29  28  29  29  29  30  31  31  29  29  29  29
  29  29  31  28  29  29  29  29  29  30  31  29  29  29  29  28  29  29  30  29
  29  30  29  28  28  30  32  29  29  30  30  30  30  31  31  29  29  29  29  29
  29  30  31  29  29  29  29  29  29  29  29  29  29  30  30  29  29  30  31  30
  30  30  30  28  28  29  30  29  29  29  30  29  29  31  31  28  28  29  29  29
  29  30  31  30  30  31  31  29  29  29  29  29  29  30  29  29  29  29  30  29
  29  30  29  30  30  30  30  29  29  29  29  29  29  29  30  29  29  30  29  28
  28  29  30  29  29  29  29  29  29  29  31  29  29  29  29  28  28  29  30  29
  29  30  29  29  31  31  31  28  28  29  30  30  30  31  31  29  29  30  30  29
  30  30  30  28  28  29  29  29  29  30  30  28  29  29  29  29  28  28  29  29
  29  29  29  28
  28  31  32  29  29  31  31  29  29  30  30  29  30  31  30  29  29  30  29  28
  29  29  29  29  31  32  30  28  29  31  29  28  31  31  30  29  31  32  29  29
  30  32  33  32  32  31  31  31  33  35  37  38  40  45  54  69  86 107 123 136
 151 164 170 177 188 196 199 196 192 181 162 137 116 100  85  70  62  56  53  46
  43  43  43  41  42  43  41  41  40  39  38  36  38  40  41  38  38  38  38  36
  37  38  37  37  37  38  38  36  38  38  36  36  36  36  36  34  34  36  36  35
  35  35  34  34  34  34  34  34  34  34  34  33  34  34  34  34  34  34  34  34
  33  33  33  32  33  33  33  33  33  33  33  33  34  34  34  32  34  36  34  32
  32  32  34  34  34  33  33  33  34  34  33  32  32  33  33  32  32  32  32  31
  32  32  32  32  31  31  32  32  34  33  32  32  32  32  32  31  31  32  32  32
  32  32  32  31  32  32  32  32  32  32  30  30  31  30  30  30  31  32  33  31
  31  32  30  30  31  30  30  29  31  31  31  31  30  31  32  30  30  32  32  29
  29  30  30  29  29  31  31  32  30  30  31  28  29  32  31  31  32  31  29  29
  31  31  32  31  31  32  32  30  30  30  30  29  30  31  32  31  31  31  31  30
  30  31  32  31  30  30  31  30  30  31  31  30  29  30  30  28  28  30  32  28
  29  31  31  29  29  31  31  29  29  30  31  29  29  31  31  30  30  31  31  29
  29  29  31  28  28  29  30  30  29  30  31  29  29  29  30  29  29  31  31  30
  29  31  31  30  30  31  31  28  29  31  31  30  30  31  31  29  29  30  30  28
  29  31  32  30  28  30  30  29  30  30  31  28  28  31  31  31  30  30  32  29
  29  30  31  30  30  30  31  29  29  30  30  28  29  30  31  29  30  31  31  29
  29  29  29  29  29  29  30  29  29  29  29  29  29  30  30  28  29  30  31  28
  28  30  30  29  29  30  31  29  30  30  29  29  29  29  29  29  29  30  30  30
  30  30  30  29  29  29  29  28  28  29  29  28  29  30  30  28  29  29  29  29
  29  30  30  29  29  28  29  29  29  30  30  30  29  29  30  28  28  29  30  28
  29  31  31  29  28  30  30  29  30  30  30  29  29  30  30  29  29  29  29  29
  29  29  29  29  29  29  28  28  29  29  29  29  30  29  29  28  29  29  29  29
  29  29  29  28  29  29  29  28  29  29  29  29  29  29  29  29  29  28  28  28
  29  29  29  29
i_gainStatus    =    0   0   0   0   0   0   0   0
i_NumCoinc      =    6   6   6   6   6   6   6   6
i_rawPkHt       =  180 255 255 143 165 151 157 199
i_spare2        =    0   0   0   0   0   0   0   0   0   0   0   0   0   0   0
   0   0   0   0   0   0   0   0   0   0   0   0   0   0   0   0   0   0   0   0
   0   0   0   0   0   0   0   0   0   0   0   0   0   0   0   0   0   0   0   0
   0   0   0   0   0   0   0   0   0   0   0   0   0   0   0   0   0   0   0   0
   0   0   0   0   0   0   0   0   0   0   0   0   0   0   0   0   0   0   0   0
   0   0   0   0   0   0   0   0   0   0   0   0   0