=GLA01
version=v6_0
type=LONG
i_rec_ndx       =    241455432
i_UTCTime       =    118796743      274202
i_gla01_rectype =        2
i_Spare1        =        0
i_filtnum       =    1   1   1   1   1   1   1   1
i_shot_ctr      =      145     146     147     148     149     150     151
     152
i_statflags     =     66326527    66326527    66326527    66326527    66326527
    66326527    66326527    66326527
i_gainSet1064   =      174     174     174     174     174     174     174
     174
i_4nsPeakVal    =       32      32      32      31      32      31      31
      32
i_8nsPeakVal    =       30      30      30      30      30      30      30
      30
i_4nsBgMean     =     2939    2922    2923    2937    2933    2933    2939
    2929
i_4nsBgSDev     =      138     136     131     137     138     140     136
     136
i_samp_pad      =        0       0       0       0       0       0       0
       0
i_comp_type     =    0   0   0   0   0   0   0   0
i_rng_wf        =   29  28  27  27  28  29  30  28  27  27  28  28  29  30  28
  28  29  32  32  27  27  28  31  31  31  31  30  28  28  28  31  32  31  29  30
  28  28  28  28  27  27  29  30  28  28  29  31  29  29  30  30  28  29  31  31
  29  28  28  26  25  30  32  31  28  28  28  29  30  30  28  27  27  28  30  31
  30  28  29  29  28  29  29  28  27  27  29  30  28  27  28  28  27  29  30  29
  28  28  29  30  30  30  30  29  29  30  30  30  29  31  32  29  28  28  29  29
  27  28  28  28  29  31  31  31  29  29  29  29  30  32  29  29  28  28  28  30
  31  28  29  30  30  30  29  28  25  27  29  29  28  29  30  29  29  29  31  32
  30  30  30  28  29  32  30  29  28  27  27  29  31  31  29  28  27  28  29  29
  28  29  29  30  28  28  29  29  29  29  30  31  29  29  29  28  28  30  30  30
  30  30  31  31  31  31  29  28  27  29  30  30  31  31  32  32  29  29  29  29
  28  28  29  29  28  28  29  28  27  30  31  31  30  31  31  29  29  29  29  29
  27  28  28  29  29  29  28  30  30  29  29  28  28  29  30  31  29  29  29  28
  28  29  29  30  29  30  30  29  28  28  28  29  29  29  29  28  28  29  28  28
  27  30  32  31  31  29  32  32  29  29  27  27  27  28  30  31  30  30  30  28
  27  28  29  29  28  28  28  28  28  28  28  28  28  31  29  29  28  27  30  32
  31  30  29  29  27  29  30  30  28  29  30  32  32  31  30  28  27  29  30  29
  27  28  28  29  29  29  29  28  28  28  29  29  28  31  31  28  27  27  30  32
  30  29  29  29  29  29  30  32  32  32  32  31  29  29  28  30  30  32  32  28
  28  28  29  29  28  28  28  28  28  31  31  28  28  28  29  29  29  28  27  29
  31  32  32  31  28  29  30  31  31  31  29  29  29  30  32  32  28  28  27  27
  27  27  28  31  30  29  29  29  29  29  29  29  28  29  30  30  29  29  29  29
  29  29  28  25  25  27  29  31  30  30  29  29  30  29  28  28  28  29  29  28
  28  28  29  30  29  29  29  29  28  29  30  30  27  29  29  29  29  27  28  30
  30  31  30  28  27  29  31  29  28  28  29  29  29  28  27  29  30  32  32  32
  32  32  29  29  28  28  29  29  28  30  29  28  27  27  30  32  30  30  28  28
  27  28  29  29  29  29  30  30  28  28  28  27  27  30  32  32  28  27  28  29
  30  31  31  30  27  29  31  28  27
  28  28  26  26  28  28  30  29  27  27  27  28  29  29  29  29  29  29  28  28
  28  30  32  31  29  29  29  28  29  30  31  29  29  30  30  28  28  30  32  29
  29  30  29  29  29  31  31  29  29  30  31  31  32  31  28  27  27  29  29  29
  31  29  28  27  31  32  32  31  30  32  32  30  30  29  29  29  32  32  32  30
  31  31  29  29  29  29  30  29  30  32  31  30  30  30  30  28  28  28  28  28
  29  29  29  27  28  28  28  27  28  28  29  29  29  28  28  28  28  29  31  30
  30  31  31  28  29  29  29  27  27  28  30  30  29  29  28  25  28  29  29  29
  28  28  29  30  31  29  28  27  27  29  30  29  29  29  28  28  28  27  28  27
  28  28  28  28  28  29  31  29  29  29  28  27  28  28  29  28  28  28  28  28
  29  32  32  29  29  30  30  29  29  29  29  29  31  31  29  28  28  28  28  26
  26  29  30  28  30  31  30  29  31  31  31  29  28  28  27  27  28  29  32  29
  29  28  27  27  29  30  30  30  30  29  29  29  30  32  32  30  30  31  31  31
  31  31  31  28  30  32  31  28  28  30  30  29  30  29  29  29  31  31  29  27
  28  29  29  29  29  31  30  29  31  30  28  27  28  32  32  30  30  32  32  31
  31  31  28  28  31  31  29  27  27  28  29  28  28  28  27  27  28  29  29  29
  29  29  30  30  30  31  31  31  29  28  27  27  28  29  31  31  31  29  28  28
  28  29  29  28  28  28  28  27  28  29  29  29  29  29  29  29  29  29  29  29
  29  29  29  29  30  30  30  28  29  29  29  28  30  31  29  29  29  30  30  28
  29  29  29  29  30  30  29  29  29  29  29  28  28  28  28  28  30  30  30  30
  29  30  29  28  29  29  28  27  27  28  29  30  30  30  28  28  30  31  32  28
  28  29  29  30  30  30  30  28  28  29  31  29  28  28  28  27  28  31  30  27
  27  28  30  28  29  30  31  31  31  31  31  29  29  30  29  27  28  29  29  28
  27  28  29  29  29  28  28  28  29  31  32  31  29  29  28  28  29  29  29  28
  30  31  31  31  31  31  31  29  29  29  29  28  28  30  32  29  29  30  31  31
  32  31  30  28  29  31  31  28  28  29  29  29  31  31  31  29  29  29  29  29
  29  29  31  30  29  28  28  28  29  29  28  28  28  30  32  28  27  28  28  28
  31  31  30  27  27  30  31  29  29  30  31  29  29  31  30  30  30  31  30  28
  28  28  28  28
  30  30  29  30  31  31  32  31  31  29  29  31  32  32  32  29  29  29  29  28
  30  32  30  28  29  31  32  29  28  28  29  29  32  30  28  28  28  31  28  28
  28  29  30  28  28  28  27  27  28  30  29  27  28  28  29  28  28  30  30  30
  32  32  30  27  27  28  29  29  31  30  27  27  28  29  29  28  28  27  27  27
  29  30  29  28  28  29  28  28  28  27  27  27  28  32  32  32  32  32  32  32
  32  31  29  28  28  29  30  30  29  29  29  28  29  30  30  30  30  30  29  28
  29  29  27  27  30  31  32  29  28  27  27  28  31  32  29  28  28  28  29  29
  28  28  28  28  29  29  29  28  28  28  28  28  29  29  28  28  28  28  29  28
  29  28  27  27  28  29  29  28  27  27  27  27  29  29  29  27  28  28  28  27
  25  28  29  29  30  29  28  27  28  31  31  28  27  28  28  30  31  31  30  28
  28  29  28  28  26  27  30  30  29  27  27  27  29  30  30  30  29  29  30  31
  30  28  28  28  29  29  28  28  28  28  28  28  29  29  29  29  29  29  31  30
  30  29  28  28  29  30  30  29  29  29  29  29  28  28  28  27  29  29  30  30
  29  29  29  29  29  29  27  25  27  30  32  28  28  28  29  29  29  32  31  29
  30  30  29  27  28  31  32  30  30  31  29  29  31  31  30  27  28  30  32  32
  30  30  30  29  32  32  30  28  28  30  30  30  31  30  29  28  28  28  30  29
  31  29  28  28  29  30  30  31  31  29  28  28  29  29  29  29  29  29  31  31
  31  29  29  29  32  32  31  31  31  31  32  31  31  32  32  29  29  29  28  27
  27  28  29  29  29  29  30  30  32  32  31  28  28  29  29  29  29  31  32  29
  29  30  31  28  28  28  28  29  29  30  31  28  29  28  27  28  29  31  29  28
  28  29  30  28  28  28  27  28  30  31  29  28  28  29  32  29  29  29  29  30
  32  32  30  28  29  28  28  27  28  29  29  30  30  31  31  28  28  28  27  27
  28  29  30  29  29  29  28  27  29  29  29  29  29  29  29  30  31  31  29  28
  28  28  29  28  29  29  29  28  28  30  30  29  29  29  30  29  29  30  31  30
  30  30  29  28  29  30  30  29  29  29  29  29  29  29  28  28  31  32  32  29
  28  29  29  29  29  29  28  27  29  31  31  28  28  29  29  29  30  32  31  29
  29  28  28  27  28  32  32  30  31  31  32  32  32  31  29  27  28  29  31  31
  29  28  28  27
  28  28  28  26  29  31  31  31  28  28  29  29  30  29  28  27  27  28  30  31
  31  31  30  28  28  29  30  28  29  31  31  29  28  28  28  27  29  29  29  29
  30  31  32  30  28  28  28  29  32  32  31  28  28  29  30  30  29  30  29  28
  28  28  28  27  27  28  29  30  30  30  29  28  29  31  31  28  28  28  28  29
  30  30  28  27  29  29  29  28  28  28  28  29  29  29  29  28  29  29  29  28
  28  29  29  29  30  30  28  25  27  28  30  30  29  28  27  28  29  29  28  28
  28  29  32  30  30  28  27  28  28  29  29  29  29  27  28  28  29  29  29  30
  30  29  29  28  28  29  31  31  32  32  29  29  29  32  32  28  28  27  28  29
  29  30  28  28  29  29  30  28  28  28  27  25  29  32  31  29  28  28  29  29
  30  28  29  29  29  29  28  28  28  29  30  28  28  28  28  28  29  30  30  29
  29  29  28  27  28  29  32  29  29  29  27  27  28  28  29  29  29  29  29  28
  31  32  30  29  28  29  30  30  31  28  27  27  28  30  31  28  28  29  31  30
  28  28  28  29  31  30  28  28  27  29  31  30  30  30  28  27  29  31  30  28
  27  27  29  29  29  28  28  27  29  29  28  28  28  31  32  30  29  28  28  28
  29  29  29  27  25  28  28  28  29  29  29  26  27  27  27  27  27  29  30  29
  29  28  28  27  28  28  28  28  28  28  29  29  29  29  29  28  30  30  28  28
  27  28  28  28  28  24  24  28  32  32  32  28  25  26  29  31  32  32  31  29
  29  30  29  28  27  28  28  27  29  31  31  30  28  28  28  29  30  29  28  28
  28  28  28  27  29  29  28  28  28  30  30  30  30  28  28  28  30  30  30  30
  30  29  28  28  29  29  29  28  29  29  29  30  30  30  30  30  31  29  29  29
  29  29  29  28  28  29  29  28  29  29  29  27  28  30  30  30  30  30  29  28
  28  28  26  25  29  30  30  28  28  28  29  30  31  30  28  27  31  32  32  29
  28  29  29  29  30  30  30  29  29  28  27  25  25  26  28  30  30  29  29  29
  29  29  28  28  28  29  29  28  28  28  28  28  28  28  28  28  28  28  28  28
  30  30  28  28  28  28  28  28  28  27  27  27  30  30  30  28  28  29  29  29
  28  28  28  28  28  29  31  30  32  32  30  28  28  29  30  29  29  28  28  27
  30  30  29  28  28  32  33  29  28  28  28  27  29  30  30  29  27  27  28  29
  30  30  31  29
  28  29  29  25  28  30  32  31  31  31  29  29  29  29  29  29  29  27  27  25
  29  32  32  31  28  28  29  29  29  28  28  28  29  29  28  28  29  30  30  30
  31  32  32  27  27  27  27  27  28  28  28  26  28  29  29  28  29  30  29  29
  31  31  30  28  28  28  29  27  28  29  29  29  29  30  29  27  29  29  29  28
  29  31  32  29  29  29  29  29  31  31  30  29  30  30  30  28  28  29  28  28
  31  31  30  27  27  28  29  30  31  31  30  28  28  29  29  27  28  30  31  31
  31  31  29  29  31  31  31  29  29  30  31  30  30  30  29  28  28  31  31  29
  29  29  30  31  31  31  31  30  30  31  32  32  30  29  28  27  28  29  29  29
  29  30  31  28  29  29  28  27  27  28  29  29  29  29  28  27  28  30  31  28
  28  28  28  28  30  32  32  29  30  31  31  29  28  28  28  27  29  29  28  28
  28  29  29  29  28  28  28  28  29  29  30  28  28  28  28  28  28  29  29  28
  28  28  28  28  29  30  31  28  28  28  28  27  28  29  30  28  28  28  28  30
  30  31  32  29  29  28  28  28  29  30  30  29  29  29  29  28  28  28  30  30
  31  32  31  29  29  29  28  27  28  29  30  30  30  31  31  28  28  28  28  28
  31  31  31  29  30  32  32  30  29  29  29  28  30  31  29  26  26  28  30  29
  29  28  27  25  28  29  29  25  25  27  29  29  29  31  32  32  32  31  28  25
  27  29  30  29  29  29  29  29  30  30  30  29  29  29  29  29  29  29  30  29
  28  27  28  28  29  29  28  28  28  29  28  28  28  28  28  27  28  29  29  29
  29  29  29  29  29  29  29  28  28  29  30  28  27  28  28  28  29  31  31  27
  27  28  28  27  29  31  29  27  27  28  29  29  29  28  27  27  30  30  29  28
  28  28  28  28  29  29  29  29  29  29  29  30  31  29  29  28  28  29  31  31
  30  28  28  28  29  30  29  28  28  28  28  28  28  28  28  27  28  28  28  28
  29  31  29  29  29  29  28  27  28  29  29  28  28  28  28  28  28  28  27  27
  32  32  30  28  28  30  31  29  29  29  27  26  28  29  29  29  31  30  29  29
  28  28  28  30  31  29  29  28  28  30  31  31  29  28  28  28  28  30  30  28
  29  29  29  29  29  30  30  29  30  30  31  31  31  31  29  28  28  29  30  29
  29  28  28  28  28  29  29  29  29  29  28  26  28  30  31  28  28  28  27  27
  29  32  32  29
  28  28  29  29  29  30  30  29  29  30  29  27  29  29  29  28  29  31  30  28
  28  28  29  29  31  31  29  27  28  29  31  29  29  29  29  29  30  30  30  28
  29  32  32  29  28  28  29  29  29  30  30  31  31  31  29  28  27  28  28  28
  31  32  32  28  28  28  28  28  29  31  31  28  28  28  28  27  31  31  29  28
  27  28  29  29  28  28  27  25  28  30  31  28  27  27  29  30  30  29  28  27
  29  30  31  29  28  28  28  28  29  29  29  28  27  29  29  29  30  29  28  28
  28  31  32  30  30  29  29  29  29  30  29  28  28  30  30  28  29  31  30  29
  28  28  30  30  30  29  28  28  29  30  30  28  28  28  30  30  31  30  28  27
  28  29  29  28  27  27  27  27  28  28  28  27  27  27  27  27  28  29  29  28
  28  28  28  27  28  31  31  30  28  27  28  29  29  29  28  28  28  29  31  29
  28  31  31  31  31  31  31  27  27  29  30  30  29  31  31  28  29  29  28  27
  29  31  32  32  31  31  28  27  28  28  29  27  27  29  30  31  31  29  30  32
  32  32  31  28  28  29  31  31  31  31  29  28  31  31  31  28  28  30  31  31
  28  27  27  27  29  29  29  29  29  28  27  27  28  32  33  31  29  29  30  30
  30  31  31  29  29  29  29  28  28  30  31  29  29  29  29  29  30  30  30  29
  29  29  29  29  29  29  29  28  29  32  32  28  28  31  31  29  31  31  31  29
  30  31  30  30  30  31  32  29  29  30  28  28  30  31  32  30  27  27  27  27
  29  30  30  28  27  28  32  32  32  29  28  24  28  32  30  29  28  30  31  29
  28  27  27  28  31  31  30  28  28  28  28  30  30  29  29  28  31  32  32  31
  31  31  31  29  29  29  29  28  28  28  29  28  28  28  28  28  30  30  30  28
  28  28  28  28  27  28  30  30  31  31  29  28  28  28  29  29  29  29  29  28
  29  29  31  28  28  29  29  29  32  31  30  28  27  27  29  30  31  30  31  28
  27  29  30  28  29  29  29  25  27  31  32  32  31  31  31  27  27  27  27  27
  30  31  31  29  28  28  28  28  30  30  29  28  28  28  28  28  30  32  32  30
  30  30  30  29  28  29  30  29  32  33  31  28  28  28  29  29  31  32  31  29
  29  31  31  29  30  30  29  28  28  29  31  28  28  28  27  27  28  30  30  27
  28  28  27  26  28  31  32  31  31  31  29  29  28  29  30  29  30  32  32  32
  32  30  30  29
  29  29  30  29  30  32  32  31  30  30  31  29  29  29  28  28  28  28  28  28
  28  28  28  28  28  28  29  28  29  29  28  28  28  28  28  28  28  28  28  28
  28  29  28  27  28  29  29  27  28  28  29  28  30  31  29  29  29  30  32  30
  29  29  29  29  29  29  30  29  28  29  28  28  29  29  29  27  27  28  29  29
  29  29  29  28  29  29  29  27  27  28  29  29  29  30  28  27  28  29  30  29
  28  28  28  28  29  29  28  28  29  30  30  28  28  28  28  27  28  29  29  28
  28  28  29  27  29  30  28  28  29  31  32  30  28  27  27  29  30  31  31  31
  29  29  29  31  32  29  29  28  28  30  31  31  29  29  29  29  29  29  30  28
  28  28  28  28  28  29  30  29  28  28  28  28  29  30  30  28  28  29  31  31
  31  31  31  28  28  29  29  28  28  30  30  29  30  31  31  28  29  31  29  29
  29  30  30  29  30  28  28  28  28  28  30  30  29  29  29  27  28  29  30  28
  27  28  29  29  29  29  28  27  29  31  31  29  28  28  29  29  29  30  27  25
  28  28  30  27  27  28  28  31  31  32  31  29  29  29  29  28  28  28  28  28
  28  29  28  28  28  28  28  27  27  29  29  29  29  28  28  27  28  30  31  31
  29  29  29  29  29  29  27  26  28  29  30  28  28  28  25  25  26  28  30  29
  29  29  29  29  31  30  30  28  28  29  29  30  29  29  30  29  29  29  28  28
  29  30  30  29  29  29  29  28  28  28  28  29  29  29  29  29  29  29  29  28
  29  29  29  29  29  29  29  29  30  29  29  29  29  29  31  31  29  29  29  29
  29  29  28  25  27  29  30  28  28  30  31  30  30  31  31  29  29  28  29  29
  29  30  28  28  29  29  30  27  28  28  28  28  29  31  29  29  29  29  29  28
  28  27  27  28  31  31  31  30  28  27  30  31  32  32  32  31  29  29  32  32
  32  30  28  28  29  29  30  30  30  30  28  28  29  28  28  27  28  29  29  31
  31  30  30  30  30  30  30  30  29  29  30  31  31  32  28  27  27  28  30  28
  28  30  30  30  30  30  31  29  28  28  28  28  29  29  28  27  28  32  32  30
  31  31  31  30  32  31  29  28  28  28  29  29  29  29  29  27  27  27  27  28
  28  29  30  30  30  30  32  30  30  31  30  30  30  30  30  28  27  27  28  29
  29  28  28  28  28  30  31  31  32  29  29  28  29  31  32  32  29  28  29  28
  29  29  28  28
  30  28  28  27  27  28  28  28  28  29  31  28  27  28  28  28  30  31  30  27
  27  28  29  29  28  28  28  27  29  30  30  28  28  28  29  29  30  31  31  31
  29  29  31  29  29  29  28  28  29  31  31  28  28  29  30  30  29  28  28  29
  29  29  28  27  27  27  27  26  28  29  29  29  29  29  31  29  29  27  28  28
  29  29  28  28  30  30  29  28  28  28  32  31  31  30  28  28  29  30  29  28
  28  29  31  29  28  28  28  28  30  31  29  28  28  30  32  31  31  31  27  27
  27  31  32  30  28  28  29  28  29  31  31  28  28  28  29  29  29  30  30  28
  29  31  31  28  27  28  28  28  30  30  30  29  27  26  28  29  29  29  28  28
  30  30  31  28  28  29  29  28  28  29  31  29  28  28  28  26  28  29  28  27
  28  31  32  29  27  28  28  28  29  31  30  27  27  28  31  32  32  29  28  29
  30  30  30  31  31  29  28  28  28  28  28  28  28  29  30  30  29  29  29  28
  28  29  31  28  28  29  28  27  28  31  31  27  27  28  28  28  29  31  29  27
  27  28  29  29  31  31  31  29  29  29  28  28  30  32  32  29  31  31  31  29
  29  29  29  29  29  29  29  29  31  31  29  28  28  29  31  31  31  31  29  28
  29  31  31  29  29  29  29  28  28  27  27  27  27  28  28  28  28  29  29  28
  28  27  27  27  27  27  28  28  29  29  29  29  28  29  31  31  30  30  29  27
  29  30  29  28  27  29  30  29  29  29  29  28  29  31  31  29  28  28  28  28
  28  28  28  28  28  29  31  31  30  30  31  30  30  28  28  28  29  30  30  28
  28  29  29  30  32  31  32  28  27  27  27  28  28  29  30  30  29  29  29  28
  28  29  29  27  27  28  28  27  29  31  30  28  28  30  30  28  28  28  28  29
  32  31  31  29  28  29  29  30  30  29  29  28  29  30  32  31  30  30  31  28
  28  30  31  31  31  31  29  26  27  30  31  29  28  28  31  30  30  30  29  28
  29  30  30  29  28  28  28  27  29  27  27  25  27  28  28  28  29  29  29  29
  29  29  29  29  31  29  28  28  28  29  31  31  31  29  29  28  30  31  29  28
  29  29  29  29  30  30  30  30  31  30  28  28  29  30  30  30  31  29  29  28
  28  30  30  31  30  29  29  28  28  28  28  28  29  29  29  27  27  28  28  28
  28  28  28  28  28  28  28  28  28  27  28  28  29  29  29  28  28  29  29  28
  29  31  31  28
i_gainStatus    =    1   1   1   1   1   1   1   1
i_NumCoinc      =    0   0   0   0   0   0   0   0
i_rawPkHt       =   32  34  33  34  32  33  32  33
i_spare2        =    0   0   0   0   0   0   0   0   0   0   0   0   0   0   0
   0   0   0   0   0   0   0   0   0   0   0   0   0   0   0   0   0   0   0   0
   0   0   0   0   0   0   0   0   0   0   0   0   0   0   0   0   0   0   0   0
   0   0   0   0   0   0   0   0   0   0   0   0   0   0   0   0   0   0   0   0
   0   0   0   0   0   0   0   0   0   0   0   0   0   0   0   0   0   0   0   0
   0   0   0   0   0   0   0   0   0   0   0   0   0