=GLA01
version=v6_0
type=LONG
i_rec_ndx       =    241455442
i_UTCTime       =    118796744      274202
i_gla01_rectype =        2
i_Spare1        =        0
i_filtnum       =    5   5   5   5   5   5   5   5
i_shot_ctr      =      177     178     179     180     181     182     183
     184
i_statflags     =     66326527    66326527    66326527    66326527    66326527
    66326527    66326527    66326527
i_gainSet1064   =      250     250     250     250     250     250     250
     250
i_4nsPeakVal    =       34      32      32      32      32      32      32
      33
i_8nsPeakVal    =       32      31      30      30      31      30      31
      31
i_4nsBgMean     =     2940    2941    2937    2916    2946    2955    2938
    2941
i_4nsBgSDev     =      173     170     169     169     176     170     169
     170
i_samp_pad      =        0       0       0       0       0       0       0
       0
i_comp_type     =    0   0   0   0   0   0   0   0
i_rng_wf        =   30  32  32  31  28  28  31  30  29  28  28  28  28  31  31
  29  29  29  32  32  32  30  28  28  28  30  31  28  28  28  31  32  32  32  31
  28  28  29  30  30  30  30  31  28  30  32  31  29  29  31  31  29  29  29  30
  30  32  32  33  32  29  28  28  27  31  32  31  28  28  30  30  29  28  28  28
  27  30  31  28  25  28  28  29  29  27  28  30  31  31  28  25  23  27  30  32
  32  29  29  29  29  33  34  33  28  29  31  32  32  31  31  32  28  28  29  28
  27  29  31  32  29  27  29  32  32  32  28  27  25  29  32  32  29  30  31  31
  31  29  28  28  27  30  32  32  32  32  32  32  32  32  32  32  31  31  31  32
  31  29  28  25  25  28  30  31  28  28  28  28  28  28  28  29  29  29  29  29
  28  29  29  30  31  30  29  30  29  31  32  31  28  29  30  31  29  28  28  28
  30  32  32  30  29  29  30  31  31  30  28  29  31  32  29  28  30  34  34  34
  31  31  32  32  30  29  29  31  29  31  32  31  29  28  30  30  28  28  27  25
  25  28  32  32  29  30  31  29  29  32  31  30  29  31  32  32  31  31  32  32
  30  30  30  29  29  30  30  30  30  29  28  28  28  29  31  31  31  32  33  34
  36  36  34  34  32  30  28  30  31  34  34  32  28  30  32  32  32  32  30  30
  30  30  32  32  30  30  31  31  28  28  30  30  28  28  28  30  33  34  33  31
  28  29  32  32  29  28  29  29  29  28  28  28  28  32  33  33  30  28  28  32
  34  33  33  31  31  32  29  28  28  28  28  28  28  30  32  32  32  31  29  29
  30  32  32  32  31  29  28  31  32  32  30  30  30  33  33  32  30  28  29  32
  32  30  29  31  29  29  29  31  32  29  29  29  29  29  29  31  32  32  30  28
  28  32  32  31  28  28  28  30  30  30  28  28  29  31  33  33  31  29  28  29
  27  27  28  31  32  32  31  30  30  29  29  30  30  34  34  32  32  30  30  28
  29  31  29  28  27  29  32  33  31  31  30  30  30  29  28  28  29  33  33  32
  31  28  26  28  29  30  29  28  28  31  32  30  28  28  28  28  28  28  28  28
  28  29  30  29  29  31  32  32  32  29  28  29  29  32  34  32  28  27  28  29
  29  29  30  30  31  32  31  28  28  28  31  33  31  29  28  28  28  29  30  30
  28  27  29  29  28  30  31  30  26  26  28  29  29  29  29  28  27  28  28  29
  29  29  29  30  30  31  31  27  25
  29  30  31  28  28  28  28  28  28  28  28  27  25  27  28  30  34  33  29  26
  24  28  31  31  31  29  28  27  27  28  28  29  30  29  29  28  29  29  28  28
  30  32  33  33  29  28  27  27  29  29  29  28  29  30  30  28  25  25  28  30
  32  31  28  28  29  29  29  30  29  27  27  27  27  26  27  28  29  29  28  28
  29  29  31  31  31  29  29  28  31  32  31  28  28  30  29  29  30  30  30  30
  31  31  28  28  28  29  29  27  28  29  27  25  28  30  33  33  31  28  28  28
  32  32  31  28  28  28  28  28  28  28  28  28  29  30  31  28  28  28  28  28
  29  32  32  29  27  27  29  29  29  29  28  25  27  30  30  29  29  31  31  30
  31  30  28  28  28  28  30  30  30  28  27  27  30  32  30  28  28  28  30  31
  29  28  28  26  29  29  29  28  28  30  30  30  30  29  30  28  28  28  27  27
  29  30  30  29  29  29  29  30  30  29  28  28  28  27  27  27  28  29  31  31
  31  30  27  27  29  31  32  31  29  28  30  31  31  31  31  31  28  27  28  30
  30  30  31  31  33  33  30  26  25  29  31  29  29  29  28  28  31  31  30  28
  28  28  27  25  28  32  32  28  28  28  27  27  27  28  29  30  33  32  28  25
  27  28  29  29  30  32  29  28  28  28  28  27  27  27  28  29  31  32  30  27
  29  29  29  29  31  31  31  31  31  30  28  27  29  29  29  29  31  32  31  29
  28  28  29  30  32  32  31  28  30  32  32  30  27  27  28  30  31  31  28  27
  29  29  29  27  27  28  28  30  31  31  29  27  30  32  31  30  29  29  29  29
  32  32  32  30  30  31  30  30  32  33  34  32  32  32  32  32  32  30  28  28
  30  34  35  33  32  31  30  28  28  28  29  29  29  29  29  29  29  29  29  28
  29  29  31  31  31  31  29  28  32  32  32  29  28  28  28  30  31  29  29  29
  30  30  30  28  28  29  30  30  30  31  28  28  29  29  29  28  30  32  32  30
  29  28  28  29  29  28  28  28  31  32  32  31  28  29  30  27  29  29  28  27
  28  31  30  29  30  31  31  32  32  30  28  27  31  32  32  32  29  29  29  29
  30  29  29  27  28  29  29  29  29  30  28  27  27  27  28  28  32  31  27  27
  29  32  34  32  28  25  27  28  29  32  32  29  29  30  32  32  32  30  28  25
  26  28  31  32  30  31  31  31  31  30  28  27  27  28  29  28  27  27  28  28
  29  28  28  28
  28  32  32  32  31  29  31  31  31  31  31  31  32  32  30  28  28  29  29  29
  32  32  30  28  28  28  28  28  29  30  32  28  28  29  30  31  32  31  29  29
  29  29  32  29  29  29  28  28  29  30  29  29  31  31  30  27  27  27  27  29
  32  32  32  32  30  29  29  31  32  29  28  29  29  32  33  31  30  29  28  28
  29  29  29  29  31  31  28  27  25  27  31  29  29  28  27  28  30  31  31  28
  27  27  28  28  29  29  29  28  29  31  30  28  28  28  31  32  32  32  29  31
  31  31  30  27  27  27  27  28  28  30  30  30  30  28  28  28  28  29  29  29
  29  29  28  27  27  27  26  27  28  28  30  28  27  26  26  27  30  30  30  28
  28  28  29  29  29  29  30  28  27  27  27  25  27  28  31  31  32  33  31  29
  28  28  28  27  29  28  27  25  27  28  29  29  28  29  28  27  28  28  28  25
  27  29  29  28  29  31  31  29  31  31  29  29  31  31  30  28  28  28  28  28
  28  28  29  30  32  33  31  26  26  29  31  31  31  30  26  25  31  32  32  29
  27  28  29  31  32  28  27  26  28  33  34  31  31  31  30  28  28  31  31  29
  32  32  32  29  27  28  29  29  30  29  28  26  27  28  30  32  32  30  27  25
  30  33  34  30  28  27  28  29  29  30  28  27  29  29  30  29  28  28  31  31
  31  30  27  27  27  29  31  29  29  29  28  28  29  30  31  29  31  32  32  31
  32  32  30  29  30  31  31  31  28  27  28  28  29  29  28  28  28  29  29  29
  31  29  28  28  28  29  30  30  29  28  27  27  29  32  32  28  25  25  27  28
  28  28  28  28  30  31  31  28  28  29  29  30  30  31  31  28  28  29  31  31
  31  31  29  29  30  31  31  28  28  28  29  28  29  30  30  28  28  28  29  29
  28  29  28  28  29  30  30  28  28  31  32  29  29  30  30  29  29  31  31  29
  29  30  32  32  34  32  28  26  29  32  33  33  30  29  28  28  32  32  30  28
  29  32  33  30  28  28  28  29  30  30  30  28  29  28  28  25  25  28  28  28
  30  30  28  27  27  28  29  29  30  31  31  31  31  31  30  28  29  29  29  28
  28  29  27  25  28  29  31  29  29  29  29  30  32  32  32  28  28  28  28  28
  31  31  29  28  28  32  32  29  30  30  31  29  28  28  28  28  29  28  26  26
  30  32  32  28  28  28  32  32  29  29  28  27  30  30  28  27  27  29  30  30
  29  28  28  30
  25  28  29  28  28  28  27  26  29  31  29  28  27  28  31  31  31  28  27  27
  29  29  29  27  28  32  32  28  28  28  29  28  31  31  28  27  27  27  29  29
  29  28  28  28  28  30  31  28  28  29  28  27  28  30  31  28  28  28  27  27
  27  29  31  29  29  28  27  27  28  28  29  29  29  29  29  30  31  30  30  28
  29  29  29  28  28  28  28  27  27  28  30  30  29  29  29  24  25  28  31  32
  32  31  31  29  29  30  28  28  28  28  28  27  27  27  28  28  28  28  28  28
  28  29  28  28  28  28  28  25  25  28  29  31  29  28  30  30  30  28  28  28
  29  29  29  27  28  30  31  31  29  28  28  28  29  29  28  27  25  28  31  30
  30  29  29  28  32  33  30  27  25  29  30  29  29  28  27  27  28  31  31  31
  29  28  29  32  32  30  27  24  29  34  34  32  28  28  28  29  29  29  29  28
  28  28  27  27  27  28  29  28  28  28  28  28  28  28  28  28  28  28  28  27
  28  29  29  28  31  31  30  29  28  28  28  28  29  29  29  28  28  28  27  27
  27  29  31  29  29  29  29  28  28  28  28  28  28  31  32  31  31  31  28  27
  28  31  32  29  27  27  27  27  27  29  31  29  30  31  31  32  32  32  32  28
  28  28  28  28  29  31  30  29  32  32  29  27  28  28  29  29  30  30  30  31
  31  32  32  29  29  29  29  27  27  27  28  28  29  30  29  29  31  31  29  27
  29  31  31  31  31  31  32  31  29  28  28  28  29  32  32  28  27  29  29  29
  29  30  30  27  27  27  27  26  26  30  30  27  29  29  29  29  31  31  29  29
  28  28  28  27  26  27  27  27  28  29  29  27  27  28  30  30  30  30  29  27
  26  26  25  26  27  29  31  30  28  27  27  27  28  29  29  28  29  30  30  28
  28  31  32  28  28  28  27  27  27  28  28  26  26  27  28  29  32  32  29  27
  27  27  28  28  28  29  31  31  32  32  30  30  32  32  29  27  27  27  28  28
  28  28  28  29  30  30  29  28  28  28  30  31  31  29  28  28  30  32  31  28
  25  25  28  28  27  27  27  28  31  32  31  28  28  28  30  30  30  29  29  29
  29  32  32  29  29  27  25  25  27  28  28  28  28  29  29  29  29  28  28  29
  30  30  31  31  30  29  28  28  28  29  31  29  29  29  28  28  28  28  28  28
  28  28  28  28  28  29  31  31  32  32  32  30  30  30  30  30  32  32  30  29
  29  29  29  28
  28  29  31  31  31  31  31  31  31  28  28  29  29  29  29  28  28  29  31  31
  32  30  29  28  30  32  32  29  29  29  29  28  29  31  31  29  29  30  29  28
  32  32  28  25  27  30  33  33  31  28  27  27  31  32  29  27  27  27  28  28
  28  27  27  28  28  29  29  29  29  29  29  28  28  29  31  31  31  30  29  29
  31  32  32  29  29  29  29  28  30  30  28  26  28  31  32  29  29  29  29  30
  30  30  28  28  29  29  29  28  28  28  29  31  32  32  30  28  28  29  31  29
  28  27  27  28  28  28  28  28  30  30  30  28  28  29  29  28  28  29  28  28
  28  28  30  29  27  27  27  28  30  30  29  27  26  26  28  29  32  34  32  28
  28  28  29  29  31  31  31  29  32  32  31  30  31  31  30  28  28  29  32  30
  30  30  29  29  30  31  31  29  29  29  28  27  27  27  28  28  29  28  27  25
  28  29  29  28  29  32  31  29  28  29  31  29  30  30  29  27  28  30  30  28
  28  29  29  29  29  31  31  28  28  28  30  32  32  30  28  28  29  29  30  28
  26  27  27  27  30  32  31  28  28  28  30  29  29  28  27  28  29  31  31  29
  29  29  29  30  30  29  30  30  28  29  29  31  32  29  28  27  27  29  31  31
  29  29  29  28  29  28  28  28  28  32  32  29  29  29  28  27  28  31  31  30
  31  31  28  25  25  28  30  30  31  29  29  28  28  28  28  28  28  30  30  28
  29  29  29  29  31  31  29  25  25  27  28  28  28  28  28  27  29  30  27  24
  27  30  30  29  29  28  29  29  31  32  29  28  28  29  29  27  28  28  28  28
  28  29  29  29  29  29  29  27  27  28  29  28  30  31  28  26  27  29  29  28
  28  28  28  27  27  27  27  27  27  28  27  27  28  27  27  27  28  29  29  30
  30  30  28  28  28  29  29  28  28  27  27  28  28  28  28  28  28  29  29  28
  29  29  28  27  27  27  27  24  24  27  27  27  28  31  28  26  27  29  29  29
  31  31  29  29  31  31  32  32  32  32  32  31  29  30  31  30  29  28  28  27
  27  29  30  28  29  30  30  28  29  31  32  29  28  28  28  28  28  28  28  28
  31  31  28  27  28  29  29  29  27  25  28  28  29  29  29  31  31  31  29  27
  27  29  29  28  28  29  30  29  29  31  31  28  28  28  29  29  31  31  31  30
  28  28  28  28  29  28  28  28  28  31  32  31  29  29  29  30  31  31  31  29
  29  29  31  32
  29  28  28  29  31  31  31  29  28  29  27  27  29  29  28  26  27  29  30  31
  31  30  29  29  29  29  29  28  31  32  32  29  28  28  30  31  32  28  28  29
  29  32  32  31  29  29  31  31  29  28  31  31  32  32  28  27  27  29  29  28
  28  28  27  25  27  27  27  27  28  28  29  30  28  28  28  28  30  29  29  28
  27  29  31  31  31  29  28  27  27  28  28  28  28  28  28  28  30  31  32  28
  28  29  29  29  29  31  32  29  29  31  31  31  31  31  30  27  27  27  27  27
  27  27  29  30  30  30  28  28  29  29  29  28  28  27  26  25  25  26  28  29
  29  29  28  28  29  29  29  27  29  29  29  29  29  30  28  27  31  32  31  27
  27  27  29  29  28  28  26  26  28  29  30  27  27  29  31  31  31  32  31  29
  31  31  28  26  28  31  32  31  29  28  29  29  29  28  27  25  29  29  27  27
  27  29  31  30  30  29  27  26  30  31  29  27  28  32  33  31  28  28  28  27
  29  31  29  28  28  28  28  27  27  27  27  27  28  28  28  28  28  31  32  30
  30  27  25  23  27  29  29  29  28  29  30  29  29  28  27  26  28  29  29  28
  28  28  26  25  27  28  28  28  30  31  29  28  28  28  30  30  29  28  28  28
  30  30  29  28  27  29  29  29  30  29  28  27  29  30  29  29  29  30  32  30
  29  28  28  27  28  29  30  28  28  29  29  29  29  29  29  29  29  29  28  27
  28  28  28  27  29  31  32  28  27  27  28  30  31  31  29  27  26  26  28  28
  28  28  28  28  29  32  31  28  28  28  29  27  27  27  27  28  30  31  29  28
  28  29  31  29  29  30  30  31  31  31  29  27  29  30  30  28  28  29  29  29
  29  29  27  26  27  27  28  28  28  28  27  27  30  32  32  28  28  28  31  31
  31  29  27  26  28  29  28  28  28  28  29  28  28  28  27  27  28  28  28  28
  28  28  28  27  27  29  31  31  30  28  25  25  29  30  32  28  28  28  29  31
  29  28  29  29  29  29  28  28  29  30  30  28  27  29  28  27  28  29  29  27
  27  28  32  32  30  30  28  27  30  30  29  28  27  28  32  32  30  29  27  24
  29  32  32  27  27  31  31  29  28  28  28  28  28  28  28  27  30  30  29  28
  27  28  29  30  31  29  27  25  28  29  29  29  29  29  29  29  30  30  29  28
  28  29  29  28  28  29  31  30  29  29  30  31  31  31  28  27  27  29  29  28
  28  28  30  30
  31  32  34  31  30  29  28  27  29  31  31  29  29  28  27  28  32  32  32  30
  31  32  32  32  32  32  30  28  28  28  29  28  29  30  30  32  32  29  29  29
  29  29  30  30  30  29  28  28  28  29  30  31  33  33  33  29  28  29  32  32
  30  29  28  25  29  29  29  25  25  28  30  29  29  29  28  27  27  28  28  26
  28  30  30  30  28  28  28  27  30  30  29  28  29  31  30  29  32  32  29  27
  26  27  29  29  28  27  27  28  32  32  31  30  30  31  32  31  33  34  32  29
  28  31  32  29  28  27  26  26  28  31  31  30  29  28  28  28  28  28  28  25
  25  27  28  28  28  28  29  28  28  28  29  28  29  30  30  28  29  32  32  28
  27  27  28  29  31  31  28  27  28  28  29  29  29  29  29  28  28  28  28  28
  28  29  29  29  29  29  30  30  31  29  28  28  31  32  32  30  29  29  32  32
  32  32  30  30  32  32  29  27  27  25  29  30  30  30  31  31  30  30  28  27
  27  29  31  28  27  27  28  28  29  31  30  28  30  31  30  28  28  30  30  30
  30  31  31  30  30  29  29  27  28  28  28  28  30  30  28  28  28  28  29  29
  29  28  27  27  28  29  32  31  30  30  30  28  32  32  30  27  27  30  32  29
  28  28  28  29  32  32  29  26  27  29  29  29  30  31  32  29  29  29  29  29
  29  31  31  28  28  27  27  27  28  29  30  29  30  29  29  29  29  31  32  28
  28  29  29  29  29  31  31  28  27  27  28  28  30  31  29  28  29  31  31  29
  29  30  30  28  28  28  29  29  28  28  28  29  29  29  30  28  28  27  27  27
  27  29  29  28  28  27  28  27  28  31  31  31  33  33  29  26  27  28  32  30
  29  29  27  27  30  31  29  27  27  28  29  29  30  28  28  28  28  32  32  31
  30  28  32  32  32  29  28  28  30  31  31  28  28  28  28  28  29  30  31  30
  28  29  31  31  31  28  25  25  26  28  30  31  31  29  28  27  28  29  30  29
  28  29  29  29  29  29  28  27  27  27  29  29  29  29  28  28  28  31  31  31
  28  28  28  27  28  28  28  28  27  28  30  29  32  32  31  28  28  31  32  32
  31  30  32  32  34  32  32  31  31  31  28  28  28  29  28  28  28  28  28  28
  31  32  32  29  28  29  30  28  30  31  29  25  27  31  31  29  28  29  33  33
  34  33  29  29  30  31  31  29  29  29  29  31  32  30  29  28  31  32  32  30
  29  29  29  29
  28  31  32  31  29  28  29  28  28  29  27  25  28  30  30  29  27  28  31  29
  30  29  27  24  25  31  32  29  29  29  28  27  28  31  32  34  34  31  29  28
  28  29  29  29  29  29  30  30  28  29  28  28  29  29  31  29  28  28  28  28
  29  29  29  27  27  28  28  28  28  28  29  29  29  29  28  27  29  32  32  29
  29  29  28  28  30  31  31  27  25  25  27  25  28  30  29  28  28  28  29  29
  31  31  29  28  30  31  31  28  28  31  32  30  28  28  29  29  29  29  30  30
  29  29  28  28  29  30  31  28  28  29  28  28  28  28  28  26  26  27  28  28
  30  30  30  28  28  29  28  27  28  29  29  29  31  31  31  29  29  29  29  29
  30  30  29  27  29  31  32  28  26  28  31  30  28  28  28  26  29  30  30  28
  26  28  32  30  30  30  28  26  29  31  30  29  30  32  32  33  34  32  30  28
  28  29  27  27  30  32  29  25  24  25  28  29  30  30  30  30  30  30  30  28
  29  29  31  30  30  30  28  28  28  28  28  28  28  28  28  27  29  29  29  28
  28  31  32  30  29  29  29  27  29  31  29  27  27  30  31  29  29  28  26  26
  31  31  30  30  31  32  32  29  28  26  26  27  30  32  32  30  29  29  29  28
  31  31  29  27  28  31  32  29  29  29  29  30  31  31  31  29  28  26  26  26
  29  32  32  28  28  28  30  30  29  27  25  27  30  31  30  28  29  29  32  32
  31  29  28  28  29  29  28  28  28  28  30  31  32  32  28  28  29  30  29  28
  28  28  29  28  29  32  32  30  29  29  29  28  31  31  29  29  29  30  30  29
  29  29  27  25  28  31  32  30  30  31  31  31  32  32  32  30  29  28  28  27
  30  31  28  27  28  30  30  30  31  31  29  28  28  29  29  29  30  30  30  30
  30  29  29  29  30  30  31  31  31  31  29  27  28  28  30  31  31  31  28  28
  29  29  30  29  29  28  28  28  28  29  32  32  31  29  28  28  29  30  31  28
  28  29  29  28  29  31  31  29  29  30  29  29  32  32  31  27  27  27  28  28
  28  28  29  30  30  30  28  27  28  29  31  31  31  31  30  28  28  29  28  27
  25  27  28  30  32  31  27  24  27  29  30  29  29  29  29  29  29  28  26  24
  28  32  32  28  28  28  29  29  31  31  30  29  30  32  32  30  27  25  25  27
  32  32  31  28  28  29  31  31  30  28  27  27  29  29  29  28  28  28  28  28
  29  32  32  31
i_gainStatus    =    1   1   1   1   1   1   1   1
i_NumCoinc      =    0   0   0   0   0   0   0   0
i_rawPkHt       =   36  35  34  34  34  34  34  34
i_spare2        =    0   0   0   0   0   0   0   0   0   0   0   0   0   0   0
   0   0   0   0   0   0   0   0   0   0   0   0   0   0   0   0   0   0   0   0
   0   0   0   0   0   0   0   0   0   0   0   0   0   0   0   0   0   0   0   0
   0   0   0   0   0   0   0   0   0   0   0   0   0   0   0   0   0   0   0   0
   0   0   0   0   0   0   0   0   0   0   0   0   0   0   0   0   0   0   0   0
   0   0   0   0   0   0   0   0   0   0   0   0   0